latitude,longitude,init_date,valid_date,lead_day,ens_n,t2m_C,t2m_C_max,t2m_C_min,rh_pct,wind_mps,tp_mm_mean
22.0,121.0,2025-10-01,2025-10-01,0,51,27.4358,28.691406,26.213964,84.05524,3.4409215,0.0
23.0,122.0,2025-10-01,2025-10-01,0,51,26.235369,27.4177,25.228918,81.75019,2.6168,0.0
22.0,122.0,2025-10-01,2025-10-01,0,51,28.450657,28.815865,27.88881,81.219124,5.059815,0.0
23.0,121.0,2025-10-01,2025-10-01,0,51,25.223307,27.42753,23.557592,84.75845,1.0127612,0.0
22.0,122.0,2025-10-01,2025-10-02,1,51,28.252144,28.858522,27.577307,81.905045,6.488623,4.329164
22.0,121.0,2025-10-01,2025-10-02,1,51,27.169199,28.863697,25.967546,84.55612,4.3234644,2.6979978
23.0,121.0,2025-10-01,2025-10-02,1,51,24.987364,27.78236,23.071703,84.08501,1.1138775,0.33955324
23.0,122.0,2025-10-01,2025-10-02,1,51,26.067865,27.773453,24.681236,81.30422,3.1820362,1.9571697
22.0,122.0,2025-10-01,2025-10-03,2,51,27.636814,28.061865,27.19607,86.30182,7.1800427,16.786581
23.0,121.0,2025-10-01,2025-10-03,2,51,24.98303,27.335363,23.438374,84.16118,1.5236448,2.0689282
22.0,121.0,2025-10-01,2025-10-03,2,51,26.93908,28.134562,26.184769,86.10306,5.646325,9.746467
23.0,122.0,2025-10-01,2025-10-03,2,51,25.678692,26.793667,24.593695,84.21958,3.0926685,9.080649
23.0,121.0,2025-10-01,2025-10-04,3,51,25.270113,27.403479,23.565573,86.2056,1.6737224,1.7907978
22.0,122.0,2025-10-01,2025-10-04,3,51,28.075705,28.503092,27.556301,84.48117,4.4798965,5.04149
23.0,122.0,2025-10-01,2025-10-04,3,51,26.073843,27.29754,24.961958,84.6098,2.1762466,2.3398244
22.0,121.0,2025-10-01,2025-10-04,3,51,27.269035,28.403189,26.272894,85.94174,4.1754556,4.501131
23.0,122.0,2025-10-01,2025-10-05,4,51,26.31683,27.70309,25.298605,83.610016,1.4153043,0.7038688
22.0,122.0,2025-10-01,2025-10-05,4,51,28.465559,28.928905,27.949146,81.77709,2.893646,0.76079
22.0,121.0,2025-10-01,2025-10-05,4,51,27.49057,28.860998,26.473598,84.30107,2.1745787,1.1104542
23.0,121.0,2025-10-01,2025-10-05,4,51,25.344488,27.709137,23.718863,86.35265,0.78214157,1.05257
23.0,121.0,2025-10-01,2025-10-06,5,51,25.35225,27.577127,23.740742,86.09521,1.270778,1.3274142
22.0,121.0,2025-10-01,2025-10-06,5,51,27.452429,28.754063,26.435028,84.90215,3.290395,2.0644128
23.0,122.0,2025-10-01,2025-10-06,5,51,26.318457,27.607346,25.302526,83.80637,3.2487712,1.8568739
22.0,122.0,2025-10-01,2025-10-06,5,51,28.421114,28.815516,27.958612,82.77848,5.2757893,2.599099
22.0,122.0,2025-10-01,2025-10-07,6,51,28.107311,28.575502,27.551664,84.73625,7.5142817,5.8916693
23.0,122.0,2025-10-01,2025-10-07,6,51,26.055094,27.331316,25.03818,84.912025,4.7665644,3.4083993
22.0,121.0,2025-10-01,2025-10-07,6,51,27.22137,28.384165,26.24834,85.429756,4.589273,3.860207
23.0,121.0,2025-10-01,2025-10-07,6,51,25.170889,27.41562,23.615026,85.773026,1.8586632,1.3888162
23.0,121.0,2025-10-01,2025-10-08,7,51,25.114689,27.102654,23.674597,85.174995,2.1485734,2.456758
22.0,121.0,2025-10-01,2025-10-08,7,51,27.123442,28.205164,26.18545,84.99459,4.870293,5.0247173
23.0,122.0,2025-10-01,2025-10-08,7,51,25.813091,26.975313,24.803041,85.52197,4.8551087,5.4761095
22.0,122.0,2025-10-01,2025-10-08,7,51,27.823336,28.327457,27.250467,85.441734,7.56434,8.0569725
23.0,121.0,2025-10-01,2025-10-09,8,51,24.944605,26.775314,23.702934,85.90725,2.1816568,3.4959636
23.0,122.0,2025-10-01,2025-10-09,8,51,25.57345,26.556196,24.770288,86.59957,4.372615,6.6231833
22.0,122.0,2025-10-01,2025-10-09,8,51,27.611021,28.070879,27.147867,86.39077,6.974547,9.099376
22.0,121.0,2025-10-01,2025-10-09,8,51,26.980692,27.986412,26.203695,85.62595,4.8198123,5.9603286
23.0,121.0,2025-10-01,2025-10-10,9,51,24.952627,26.944405,23.58216,85.85724,2.0358949,3.0345764
22.0,122.0,2025-10-01,2025-10-10,9,51,27.628332,28.062746,27.145737,86.52753,7.1311245,9.348859
22.0,121.0,2025-10-01,2025-10-10,9,51,26.979918,28.030094,26.059317,85.91928,4.857085,5.971762
23.0,122.0,2025-10-01,2025-10-10,9,51,25.599768,26.696882,24.723015,86.36303,4.312048,6.398261
22.0,122.0,2025-10-01,2025-10-11,10,51,27.646894,28.147392,27.089293,86.120125,7.1447463,12.697924
22.0,121.0,2025-10-01,2025-10-11,10,51,26.945633,27.993023,26.100494,85.8847,4.719906,7.516264
23.0,121.0,2025-10-01,2025-10-11,10,51,24.93165,26.856247,23.589499,86.00358,2.069975,4.2686296
23.0,122.0,2025-10-01,2025-10-11,10,51,25.631598,26.727137,24.642212,86.13981,4.4737873,9.428204
22.0,121.0,2025-10-01,2025-10-12,11,51,26.829525,27.854626,25.989418,85.699196,5.049086,9.269062
23.0,122.0,2025-10-01,2025-10-12,11,51,25.353203,26.44732,24.431002,86.75966,4.9911804,14.218875
22.0,122.0,2025-10-01,2025-10-12,11,51,27.407887,27.848614,26.88683,86.59112,7.756705,15.544921
23.0,121.0,2025-10-01,2025-10-12,11,51,24.775772,26.61778,23.472065,85.93567,2.3107693,7.9661555
22.0,122.0,2025-10-01,2025-10-13,12,51,27.342175,27.789087,26.879238,86.57403,8.209146,18.79255
23.0,122.0,2025-10-01,2025-10-13,12,51,25.184927,26.077478,24.43214,87.15707,5.2815475,18.315832
22.0,121.0,2025-10-01,2025-10-13,12,51,26.71357,27.640697,26.002068,85.66381,5.415163,11.689414
23.0,121.0,2025-10-01,2025-10-13,12,51,24.55776,26.183142,23.435455,86.30777,2.542936,11.237195
23.0,122.0,2025-10-01,2025-10-14,13,51,25.111328,25.99385,24.39298,86.92553,5.4495254,14.795227
22.0,122.0,2025-10-01,2025-10-14,13,51,27.283436,27.703115,26.878595,86.76911,8.507118,14.268921
23.0,121.0,2025-10-01,2025-10-14,13,51,24.492123,26.162407,23.357555,85.95087,2.679233,9.885497
22.0,121.0,2025-10-01,2025-10-14,13,51,26.6629,27.615866,25.95166,85.719345,5.7063932,9.346548
23.0,121.0,2025-10-01,2025-10-15,14,51,24.43671,26.064592,23.34626,85.842926,2.7324162,8.691558
22.0,121.0,2025-10-01,2025-10-15,14,51,26.634895,27.605515,25.909328,85.44199,5.6386976,8.08491
23.0,122.0,2025-10-01,2025-10-15,14,51,25.025673,25.82252,24.406967,86.96875,5.556975,13.643373
22.0,122.0,2025-10-01,2025-10-15,14,51,27.22518,27.655264,26.851036,86.63147,8.539783,13.05544
23.0,122.0,2025-10-01,2025-10-16,15,51,25.038853,25.944658,24.217989,86.40853,5.641202,14.919625
23.0,121.0,2025-10-01,2025-10-16,15,51,24.426996,26.159275,23.16918,85.43066,2.8463109,10.330853
22.0,122.0,2025-10-01,2025-10-16,15,51,27.2458,27.698788,26.77412,86.13666,8.544974,12.810388
22.0,121.0,2025-10-01,2025-10-16,15,51,26.632793,27.653315,25.818972,85.08403,5.6546564,8.198906
23.0,121.0,2025-10-01,2025-10-17,16,51,24.28644,25.973381,23.159111,85.059074,2.943452,7.6594734
23.0,122.0,2025-10-01,2025-10-17,16,51,24.952297,25.788042,24.259373,85.58519,6.010683,11.820065
22.0,122.0,2025-10-01,2025-10-17,16,51,27.265446,27.689508,26.83291,85.09112,9.069818,11.222308
22.0,121.0,2025-10-01,2025-10-17,16,51,26.598536,27.62904,25.848015,84.47391,5.974683,7.0392675
23.0,122.0,2025-10-01,2025-10-18,17,51,24.969557,25.808926,24.262247,85.0746,6.4623227,14.005019
22.0,122.0,2025-10-01,2025-10-18,17,51,27.321314,27.752977,26.84114,84.390274,9.51026,12.324289
22.0,121.0,2025-10-01,2025-10-18,17,51,26.6309,27.704948,25.818596,83.75632,6.0773673,7.8492193
23.0,121.0,2025-10-01,2025-10-18,17,51,24.280209,26.00889,23.109169,84.53842,3.0878365,9.558092
23.0,122.0,2025-10-01,2025-10-19,18,51,24.850645,25.795094,24.07308,84.057396,6.977855,10.523644
22.0,121.0,2025-10-01,2025-10-19,18,51,26.520329,27.530115,25.699856,83.020424,6.534735,6.147588
22.0,122.0,2025-10-01,2025-10-19,18,51,27.217192,27.626265,26.763315,83.51401,10.230667,10.67728
23.0,121.0,2025-10-01,2025-10-19,18,51,24.154936,25.848671,22.939028,83.653786,3.3180416,6.0208616
23.0,122.0,2025-10-01,2025-10-20,19,51,24.651413,25.469719,23.950888,84.27959,7.2014365,11.676832
22.0,122.0,2025-10-01,2025-10-20,19,51,27.030304,27.407736,26.62248,83.8907,10.656381,11.47813
23.0,121.0,2025-10-01,2025-10-20,19,51,24.0108,25.736525,22.852877,83.21403,3.4140499,7.3693833
22.0,121.0,2025-10-01,2025-10-20,19,51,26.388803,27.441093,25.608652,82.73249,6.814042,7.1465425
23.0,122.0,2025-10-01,2025-10-21,20,51,24.619076,25.472542,23.970015,83.85914,7.1785316,11.154634
22.0,121.0,2025-10-01,2025-10-21,20,51,26.324013,27.28176,25.602247,82.51525,6.7857475,6.502144
22.0,122.0,2025-10-01,2025-10-21,20,51,27.089958,27.439848,26.689592,82.86701,10.578974,10.418978
23.0,121.0,2025-10-01,2025-10-21,20,51,23.854738,25.513906,22.730167,83.61483,3.4293473,7.2582583
23.0,121.0,2025-10-01,2025-10-22,21,51,23.789148,25.364162,22.727114,83.50754,3.377952,8.842025
23.0,122.0,2025-10-01,2025-10-22,21,51,24.504725,25.266932,23.826164,83.72578,7.094039,13.053525
22.0,122.0,2025-10-01,2025-10-22,21,51,26.965029,27.372011,26.53077,82.7464,10.443177,9.942247
22.0,121.0,2025-10-01,2025-10-22,21,51,26.247988,27.196201,25.493814,82.42145,6.6330123,5.710514
22.0,122.0,2025-10-01,2025-10-23,22,51,26.998388,27.37022,26.610897,82.294685,10.107576,10.139651
23.0,121.0,2025-10-01,2025-10-23,22,51,23.714554,25.26503,22.687687,83.67259,3.0638263,8.246776
22.0,121.0,2025-10-01,2025-10-23,22,51,26.178268,27.036554,25.52899,82.54158,6.465872,7.84984
23.0,122.0,2025-10-01,2025-10-23,22,51,24.532843,25.264158,23.918808,83.29278,6.647405,10.532489
23.0,122.0,2025-10-01,2025-10-24,23,51,24.680662,25.597649,23.942234,83.41263,6.255642,8.314502
22.0,122.0,2025-10-01,2025-10-24,23,51,27.133736,27.500751,26.688194,82.29586,9.519514,8.493136
23.0,121.0,2025-10-01,2025-10-24,23,51,23.856697,25.555182,22.730701,83.85632,2.955392,6.157327
22.0,121.0,2025-10-01,2025-10-24,23,51,26.307854,27.255993,25.58539,82.61467,6.1600914,6.330017
22.0,122.0,2025-10-01,2025-10-25,24,51,27.059624,27.46688,26.602827,82.366585,9.634699,7.0918565
23.0,122.0,2025-10-01,2025-10-25,24,51,24.610756,25.481918,23.855747,83.41685,6.447939,7.7782593
22.0,121.0,2025-10-01,2025-10-25,24,51,26.248642,27.270824,25.470963,82.627144,6.2324204,5.2802143
23.0,121.0,2025-10-01,2025-10-25,24,51,23.801514,25.53282,22.633078,83.797585,3.0776598,5.979182
23.0,121.0,2025-10-01,2025-10-26,25,51,23.596802,25.2209,22.4612,82.62215,3.252675,5.880495
23.0,122.0,2025-10-01,2025-10-26,25,51,24.324654,25.188353,23.590784,82.62775,6.901588,9.082167
22.0,122.0,2025-10-01,2025-10-26,25,51,26.829243,27.232655,26.346344,81.539474,10.214112,7.7346826
22.0,121.0,2025-10-01,2025-10-26,25,51,26.099894,27.076971,25.305534,81.43369,6.552643,4.516142
22.0,121.0,2025-10-01,2025-10-27,26,51,25.972706,26.87234,25.292145,80.677925,6.3775024,6.0746617
23.0,121.0,2025-10-01,2025-10-27,26,51,23.425676,25.021812,22.394512,82.085686,3.1298554,9.15157
23.0,122.0,2025-10-01,2025-10-27,26,51,24.205067,25.011822,23.573084,81.85265,6.6183434,11.239239
22.0,122.0,2025-10-01,2025-10-27,26,51,26.754013,27.152214,26.33927,80.566284,9.908969,8.172149
23.0,122.0,2025-10-01,2025-10-28,27,51,24.10583,24.899734,23.474405,81.64745,6.8142695,9.582875
22.0,121.0,2025-10-01,2025-10-28,27,51,25.897451,26.829906,25.209896,80.37729,6.6853127,4.4640393
23.0,121.0,2025-10-01,2025-10-28,27,51,23.303692,24.923876,22.216553,81.71894,3.250255,6.5055194
22.0,122.0,2025-10-01,2025-10-28,27,51,26.70147,27.067358,26.321367,80.438286,10.279527,7.561105
22.0,121.0,2025-10-01,2025-10-29,28,51,25.842575,26.815582,25.096445,79.856155,6.543744,4.041787
23.0,122.0,2025-10-01,2025-10-29,28,51,24.031557,24.78821,23.409252,81.42544,6.6326075,9.350801
22.0,122.0,2025-10-01,2025-10-29,28,51,26.656279,27.023214,26.219019,79.94538,10.116942,8.016124
23.0,121.0,2025-10-01,2025-10-29,28,51,23.219584,24.846004,22.122444,81.500595,3.1114986,5.399296
22.0,122.0,2025-10-01,2025-10-30,29,51,26.699923,27.055859,26.316895,80.20632,9.369601,8.4678135
23.0,121.0,2025-10-01,2025-10-30,29,51,23.303543,25.00185,22.26559,81.935776,2.9881744,4.732309
22.0,121.0,2025-10-01,2025-10-30,29,51,25.862452,26.81717,25.167469,80.34045,6.1767807,4.661961
23.0,122.0,2025-10-01,2025-10-30,29,51,24.139084,24.946014,23.538048,81.624916,6.124574,8.520396
22.0,121.0,2025-10-01,2025-10-31,30,51,25.8949,26.938213,25.146315,80.89086,6.510047,4.055835
23.0,122.0,2025-10-01,2025-10-31,30,51,24.139732,24.94673,23.448551,82.02405,6.5014367,7.0837126
22.0,122.0,2025-10-01,2025-10-31,30,51,26.68148,27.05205,26.255365,80.8172,9.882262,6.5981984
23.0,121.0,2025-10-01,2025-10-31,30,51,23.35483,25.115196,22.265472,82.22467,3.160951,4.5566626
23.0,122.0,2025-10-01,2025-11-01,31,51,24.013493,24.863274,23.269337,81.926056,6.9425774,9.3784275
22.0,121.0,2025-10-01,2025-11-01,31,51,25.765821,26.750555,25.005299,80.99186,6.779283,4.1180515
23.0,121.0,2025-10-01,2025-11-01,31,51,23.15605,24.849434,21.996616,82.447075,3.341825,6.774186
22.0,122.0,2025-10-01,2025-11-01,31,51,26.625204,27.05891,26.154627,80.61791,10.420702,6.737162
22.0,121.0,2025-10-01,2025-11-02,32,51,25.586842,26.543936,24.799408,80.59138,7.0875506,5.760103
23.0,122.0,2025-10-01,2025-11-02,32,51,23.742186,24.555014,23.035769,82.06953,7.3504395,10.081854
22.0,122.0,2025-10-01,2025-11-02,32,51,26.40149,26.76538,25.982307,80.697655,10.906535,9.144878
23.0,121.0,2025-10-01,2025-11-02,32,51,22.929356,24.55061,21.806587,82.081856,3.588364,6.714449
23.0,122.0,2025-10-01,2025-11-03,33,51,23.467163,24.222063,22.840725,81.71472,7.1558933,9.949606
22.0,121.0,2025-10-01,2025-11-03,33,51,25.391884,26.329327,24.704424,79.99179,7.0818105,5.214558
23.0,121.0,2025-10-01,2025-11-03,33,51,22.648687,24.257368,21.61743,81.73138,3.4727623,8.341601
22.0,122.0,2025-10-01,2025-11-03,33,51,26.212372,26.573807,25.82639,80.10626,10.840275,6.834459
23.0,121.0,2025-10-01,2025-11-04,34,51,22.86151,24.614372,21.803085,81.68789,3.1705956,5.690613
23.0,122.0,2025-10-01,2025-11-04,34,51,23.734037,24.558874,23.08795,81.34391,6.682649,8.235612
22.0,122.0,2025-10-01,2025-11-04,34,51,26.377558,26.746744,25.96155,80.14045,10.278665,8.586623
22.0,121.0,2025-10-01,2025-11-04,34,51,25.502974,26.572598,24.747663,80.337166,6.717373,6.0263853
22.0,122.0,2025-10-01,2025-11-05,35,51,26.356836,26.724213,25.975409,80.63496,10.560012,12.537273
23.0,121.0,2025-10-01,2025-11-05,35,51,22.882118,24.549469,21.818642,82.35213,3.3826327,10.135748
22.0,121.0,2025-10-01,2025-11-05,35,51,25.520002,26.513542,24.804104,80.831245,6.8892117,8.6085615
23.0,122.0,2025-10-01,2025-11-05,35,51,23.716948,24.542595,23.097696,81.985756,6.958119,14.048959
23.0,121.0,2025-10-01,2025-11-06,36,51,22.626328,24.212723,21.552563,82.072334,3.5202658,10.017808
22.0,122.0,2025-10-01,2025-11-06,36,51,26.285013,26.671646,25.836172,78.99916,10.8940325,9.149851
23.0,122.0,2025-10-01,2025-11-06,36,51,23.534452,24.36409,22.854057,81.03703,7.267599,13.099315
22.0,121.0,2025-10-01,2025-11-06,36,51,25.374605,26.340998,24.620077,79.86746,7.0745945,6.0509706
22.0,122.0,2025-10-01,2025-11-07,37,51,26.094501,26.420332,25.708778,79.03666,10.652208,6.9142694
22.0,121.0,2025-10-01,2025-11-07,37,51,25.175407,26.102663,24.50075,79.71765,7.0012975,4.3725195
23.0,121.0,2025-10-01,2025-11-07,37,51,22.429384,24.047207,21.400024,81.88994,3.405965,5.9776096
23.0,122.0,2025-10-01,2025-11-07,37,51,23.34633,24.164215,22.697748,81.041046,7.006105,8.503316
22.0,121.0,2025-10-01,2025-11-08,38,51,25.143753,26.162868,24.382925,79.69248,7.1104555,4.3720818
23.0,122.0,2025-10-01,2025-11-08,38,51,23.238138,24.09024,22.52414,81.33163,7.280525,8.721058
22.0,122.0,2025-10-01,2025-11-08,38,51,25.99878,26.357533,25.612146,79.48441,10.972169,7.643856
23.0,121.0,2025-10-01,2025-11-08,38,51,22.38495,24.141272,21.22958,81.695335,3.461703,5.4676476
23.0,122.0,2025-10-01,2025-11-09,39,51,23.110523,23.84713,22.43251,81.483696,7.4030957,11.201871
23.0,121.0,2025-10-01,2025-11-09,39,51,22.285732,23.853664,21.201933,81.697685,3.7070997,6.3736787
22.0,121.0,2025-10-01,2025-11-09,39,51,25.002447,25.934183,24.258917,79.80046,7.2188864,6.4637713
22.0,122.0,2025-10-01,2025-11-09,39,51,25.82916,26.211166,25.409433,79.718315,10.978024,11.317562
22.0,121.0,2025-10-01,2025-11-10,40,51,24.801138,25.737358,24.10267,78.70595,7.3595095,5.5568705
23.0,122.0,2025-10-01,2025-11-10,40,51,22.954958,23.783413,22.336145,79.91389,7.594535,9.76306
22.0,122.0,2025-10-01,2025-11-10,40,51,25.734432,26.087517,25.359701,78.14629,11.240891,8.397026
23.0,121.0,2025-10-01,2025-11-10,40,51,22.024105,23.673235,20.958527,80.635544,3.8025796,6.9348164
22.0,122.0,2025-10-01,2025-11-11,41,51,25.703953,26.079676,25.274609,77.9739,11.196083,6.4030695
22.0,121.0,2025-10-01,2025-11-11,41,51,24.734688,25.70976,23.98455,78.53957,7.2160935,3.9063241
23.0,121.0,2025-10-01,2025-11-11,41,51,21.92854,23.588184,20.85372,80.5535,3.6846874,5.245901
23.0,122.0,2025-10-01,2025-11-11,41,51,22.895432,23.753096,22.227304,79.84151,7.5249157,7.74043
22.0,121.0,2025-10-01,2025-11-12,42,51,24.717457,25.69261,23.98128,78.47687,7.382965,4.714175
22.0,122.0,2025-10-01,2025-11-12,42,51,25.68082,26.03561,25.276205,77.53616,11.291189,6.246151
23.0,122.0,2025-10-01,2025-11-12,42,51,22.877842,23.698944,22.21926,79.672035,7.453229,7.574117
23.0,121.0,2025-10-01,2025-11-12,42,51,21.91676,23.611,20.820301,80.81549,3.6433635,6.057959
23.0,122.0,2025-10-01,2025-11-13,43,51,22.660429,23.496965,21.978228,80.506935,7.5369935,9.045832
22.0,121.0,2025-10-01,2025-11-13,43,51,24.550367,25.52154,23.794699,78.85,7.3595033,4.7929535
23.0,121.0,2025-10-01,2025-11-13,43,51,21.701284,23.371313,20.631016,81.24226,3.6258278,6.3859625
22.0,122.0,2025-10-01,2025-11-13,43,51,25.511875,25.905235,25.082201,78.27775,11.325513,7.471224
22.0,121.0,2025-10-01,2025-11-14,44,51,24.43615,25.430645,23.675982,78.9811,7.0983953,4.089891
22.0,122.0,2025-10-01,2025-11-14,44,51,25.404572,25.787329,24.94456,78.23686,10.811213,7.382538
23.0,122.0,2025-10-01,2025-11-14,44,51,22.54597,23.354767,21.861631,80.25345,7.167269,10.075678
23.0,121.0,2025-10-01,2025-11-14,44,51,21.579765,23.259243,20.517988,81.194756,3.4931722,6.801019
22.0,122.0,2025-10-01,2025-11-15,45,51,25.3761,25.742958,24.94745,78.29756,11.404612,7.530473
22.0,121.0,2025-10-01,2025-11-15,45,51,24.386528,25.37436,23.667545,78.94203,7.4794683,4.435706
23.0,121.0,2025-10-01,2025-11-15,45,51,21.49477,23.174475,20.424341,81.215065,3.6028821,7.6259537
23.0,122.0,2025-10-01,2025-11-15,45,51,22.482021,23.278421,21.848639,80.38901,7.47029,10.698688
23.0,121.0,2025-10-01,2025-11-16,46,51,21.54277,23.231747,20.467087,81.298065,3.3945801,6.6428456
23.0,122.0,2025-10-01,2025-11-16,46,51,22.574276,23.395975,21.918869,80.452225,6.9460316,9.119634
22.0,122.0,2025-10-01,2025-11-16,46,51,25.465714,25.85211,25.058239,78.25354,10.83707,7.1258655
22.0,121.0,2025-10-01,2025-11-16,46,51,24.431854,25.470325,23.695547,78.909645,7.207809,4.627603
23.0,122.0,2025-10-01,2025-11-17,47,51,22.585094,23.464518,21.845415,80.838356,7.2585726,10.115992
23.0,121.0,2025-10-01,2025-11-17,47,51,21.58053,23.392918,20.445423,81.63108,3.536115,5.8379545
22.0,121.0,2025-10-01,2025-11-17,47,51,24.48765,25.594547,23.703907,79.3724,7.2949333,5.95374
22.0,122.0,2025-10-01,2025-11-17,47,51,25.494692,25.916935,25.009783,78.76149,11.009568,10.258446
23.0,121.0,2025-10-01,2025-11-18,48,51,21.42884,23.191113,20.306103,81.553925,3.4999988,5.815775
22.0,122.0,2025-10-01,2025-11-18,48,51,25.352062,25.69724,24.981869,78.35401,11.015595,6.8567348
23.0,122.0,2025-10-01,2025-11-18,48,51,22.454273,23.322172,21.762274,80.57797,7.182762,8.481721
22.0,121.0,2025-10-01,2025-11-18,48,51,24.324236,25.318302,23.60249,79.11832,7.2530684,4.1815896
23.0,122.0,2025-10-01,2025-11-19,49,51,22.152363,23.091982,21.390144,80.76828,7.3888297,7.5330462
22.0,121.0,2025-10-01,2025-11-19,49,51,24.083822,25.17252,23.228106,79.16372,7.2835765,3.2377727
23.0,121.0,2025-10-01,2025-11-19,49,51,21.173246,22.993275,19.981392,81.47077,3.6204963,5.065609
22.0,122.0,2025-10-01,2025-11-19,49,51,25.06529,25.538769,24.581305,78.63053,11.108956,5.7183347
22.0,121.0,2025-10-01,2025-11-20,50,51,23.891914,24.842602,23.134306,78.04065,7.355739,3.2118323
22.0,122.0,2025-10-01,2025-11-20,50,51,24.916172,25.315695,24.435818,77.20953,11.300273,4.972616
23.0,122.0,2025-10-01,2025-11-20,50,51,21.939217,22.743687,21.232124,79.58067,7.5930724,6.915339
23.0,121.0,2025-10-01,2025-11-20,50,51,20.917562,22.553883,19.823992,80.58807,3.6652966,5.1636486
23.0,121.0,2025-10-01,2025-11-21,51,51,20.68397,22.39657,19.526018,80.22428,3.7802815,6.32767
23.0,122.0,2025-10-01,2025-11-21,51,51,21.74568,22.569588,20.976252,79.558044,7.7288585,8.092456
22.0,121.0,2025-10-01,2025-11-21,51,51,23.771826,24.776129,22.966936,77.37791,7.569543,3.7710748
22.0,122.0,2025-10-01,2025-11-21,51,51,24.836166,25.270084,24.356716,76.88197,11.558342,5.5481267
22.0,122.0,2025-10-01,2025-11-22,52,51,24.620947,24.973255,24.206808,77.63436,11.840107,7.220126
22.0,121.0,2025-10-01,2025-11-22,52,51,23.616213,24.635723,22.902641,77.81505,7.688051,3.5565915
23.0,121.0,2025-10-01,2025-11-22,52,51,20.510233,22.233746,19.428175,80.51334,3.7938776,7.525001
23.0,122.0,2025-10-01,2025-11-22,52,51,21.512442,22.301275,20.825413,80.16579,7.8729773,11.173651
22.0,121.0,2025-10-01,2025-11-23,53,51,23.464357,24.443933,22.705957,77.81423,7.7564025,3.8271275
22.0,122.0,2025-10-01,2025-11-23,53,51,24.545197,24.985733,24.071259,76.8932,11.775789,6.467607
23.0,121.0,2025-10-01,2025-11-23,53,51,20.399387,22.027143,19.346945,80.39862,3.7170305,5.593855
23.0,122.0,2025-10-01,2025-11-23,53,51,21.477377,22.282314,20.756674,79.28749,7.7070847,8.221355
22.0,121.0,2025-10-01,2025-11-24,54,51,23.41672,24.413649,22.698427,77.361145,7.330649,3.4375505
23.0,122.0,2025-10-01,2025-11-24,54,51,21.4838,22.311787,20.778337,78.280235,7.2401853,7.1674647
22.0,122.0,2025-10-01,2025-11-24,54,51,24.537241,24.9016,24.113354,75.81353,11.137913,5.9158072
23.0,121.0,2025-10-01,2025-11-24,54,51,20.366154,22.05171,19.268248,80.08368,3.4760344,4.700751
23.0,121.0,2025-10-01,2025-11-25,55,51,20.39665,22.12403,19.38229,80.238625,3.5013688,3.968094
23.0,122.0,2025-10-01,2025-11-25,55,51,21.500565,22.27274,20.85499,78.60576,7.1058106,5.0598817
22.0,121.0,2025-10-01,2025-11-25,55,51,23.433397,24.45026,22.717213,77.24001,7.2008414,2.6989946
22.0,122.0,2025-10-01,2025-11-25,55,51,24.539879,24.90276,24.11822,75.86329,10.898835,3.7928052
22.0,121.0,2025-10-01,2025-11-26,56,51,23.251486,24.220507,22.49189,77.50707,7.5708904,3.5115917
22.0,122.0,2025-10-01,2025-11-26,56,51,24.299992,24.728579,23.812069,76.20712,11.590479,4.828072
23.0,121.0,2025-10-01,2025-11-26,56,51,20.155092,21.797577,19.027134,80.649345,3.7232358,4.8618784
23.0,122.0,2025-10-01,2025-11-26,56,51,21.201061,22.051579,20.42576,79.12376,7.696866,6.1767173
23.0,122.0,2025-10-01,2025-11-27,57,51,21.087282,21.864464,20.43117,79.16156,7.289138,5.956209
23.0,121.0,2025-10-01,2025-11-27,57,51,20.031633,21.735857,18.963114,80.02178,3.531912,3.93203
22.0,122.0,2025-10-01,2025-11-27,57,51,24.189342,24.574358,23.769194,76.72996,11.267537,4.4510894
22.0,121.0,2025-10-01,2025-11-27,57,51,23.131098,24.120993,22.366364,77.426765,7.4578876,2.4197636
22.0,121.0,2025-10-01,2025-11-28,58,51,23.259346,24.346518,22.44622,77.042816,7.489218,1.8380955
22.0,122.0,2025-10-01,2025-11-28,58,51,24.309757,24.686226,23.854614,76.72221,11.417386,3.0886126
23.0,121.0,2025-10-01,2025-11-28,58,51,20.14826,21.987616,19.00129,79.39224,3.5223632,2.7359328
23.0,122.0,2025-10-01,2025-11-28,58,51,21.196093,22.043089,20.420004,78.89252,7.4037356,3.9777718
23.0,122.0,2025-10-01,2025-11-29,59,51,21.089052,22.04724,20.354593,78.43582,7.413161,8.551317
23.0,121.0,2025-10-01,2025-11-29,59,51,20.049314,21.878887,18.904503,79.57115,3.5470104,5.0836854
22.0,122.0,2025-10-01,2025-11-29,59,51,24.18936,24.617285,23.726147,76.020134,11.448196,7.997962
22.0,121.0,2025-10-01,2025-11-29,59,51,23.147186,24.153833,22.38127,76.91492,7.525214,4.5134606
22.0,121.0,2025-10-01,2025-11-30,60,51,23.041782,24.050943,22.281315,77.38251,7.230433,4.588086
22.0,122.0,2025-10-01,2025-11-30,60,51,24.158522,24.549513,23.662477,76.41479,10.855947,7.778447
23.0,121.0,2025-10-01,2025-11-30,60,51,19.901833,21.531466,18.864252,80.29636,3.4757102,6.2244396
23.0,122.0,2025-10-01,2025-11-30,60,51,21.015894,21.85341,20.296001,79.11622,7.016586,9.398382
22.0,121.0,2025-10-01,2025-12-01,61,51,22.884317,23.863329,22.150928,78.061226,7.247366,2.8646233
23.0,121.0,2025-10-01,2025-12-01,61,51,19.72858,21.411911,18.651575,80.787964,3.5505702,5.339728
22.0,122.0,2025-10-01,2025-12-01,61,51,23.96565,24.328619,23.555553,77.18765,11.055893,4.585023
23.0,122.0,2025-10-01,2025-12-01,61,51,20.807417,21.660248,20.12827,79.72528,7.332377,7.05118
23.0,121.0,2025-10-01,2025-12-02,62,51,19.603765,21.313408,18.530722,79.483574,3.521261,4.013842
22.0,122.0,2025-10-01,2025-12-02,62,51,23.858871,24.237879,23.450665,75.25512,11.303963,3.253588
22.0,121.0,2025-10-01,2025-12-02,62,51,22.788397,23.779438,22.04985,76.50783,7.4067106,1.5073619
23.0,122.0,2025-10-01,2025-12-02,62,51,20.671722,21.498358,20.005636,78.02218,7.378318,5.753679
23.0,122.0,2025-10-01,2025-12-03,63,51,20.748236,21.661932,19.96703,77.09442,6.701623,5.963121
22.0,122.0,2025-10-01,2025-12-03,63,51,23.914629,24.320442,23.40637,74.16476,10.603271,4.692287
22.0,121.0,2025-10-01,2025-12-03,63,51,22.803516,23.89574,21.97959,75.67535,7.11603,2.5081685
23.0,121.0,2025-10-01,2025-12-03,63,51,19.639559,21.499346,18.478134,78.87889,3.2773921,3.7861607
22.0,122.0,2025-10-01,2025-12-04,64,51,23.731724,24.22562,23.145758,75.51469,10.136161,6.3254514
23.0,122.0,2025-10-01,2025-12-04,64,51,20.581543,21.618032,19.674423,78.33728,6.6382337,8.461325
23.0,121.0,2025-10-01,2025-12-04,64,51,19.440603,21.387226,18.199343,79.82354,3.345887,5.749374
22.0,121.0,2025-10-01,2025-12-04,64,51,22.588034,23.73631,21.720419,76.726494,6.763353,3.608768
22.0,121.0,2025-10-01,2025-12-05,65,51,22.492449,23.509794,21.714636,77.19087,6.998077,2.72839
23.0,121.0,2025-10-01,2025-12-05,65,51,19.383364,21.221106,18.261435,80.06694,3.4471302,3.527269
22.0,122.0,2025-10-01,2025-12-05,65,51,23.551044,24.004078,23.039494,76.514915,10.580959,4.8930435
23.0,122.0,2025-10-01,2025-12-05,65,51,20.43951,21.334446,19.667032,79.17591,6.9599476,5.68216
23.0,121.0,2025-10-01,2025-12-06,66,51,19.327742,21.117668,18.164139,80.07595,3.6210468,4.1549044
22.0,122.0,2025-10-01,2025-12-06,66,51,23.569647,24.024519,23.063179,75.82655,11.168137,3.67459
22.0,121.0,2025-10-01,2025-12-06,66,51,22.490477,23.510904,21.707357,76.86926,7.2995534,2.4975328
23.0,122.0,2025-10-01,2025-12-06,66,51,20.404325,21.284477,19.617458,78.79416,7.4077234,5.3296437
23.0,122.0,2025-10-01,2025-12-07,67,51,20.11206,20.920183,19.373777,78.56907,7.6043797,5.9412637
22.0,122.0,2025-10-01,2025-12-07,67,51,23.31542,23.756472,22.806686,75.36495,11.409122,5.627601
22.0,121.0,2025-10-01,2025-12-07,67,51,22.266657,23.308641,21.467297,76.31896,7.4729295,3.7057378
23.0,121.0,2025-10-01,2025-12-07,67,51,19.06583,20.797146,17.946478,79.72874,3.7032304,4.026736
22.0,122.0,2025-10-01,2025-12-08,68,51,23.17002,23.60944,22.760809,75.326126,11.142387,4.6983705
23.0,122.0,2025-10-01,2025-12-08,68,51,20.021065,20.831964,19.295273,78.2241,7.1769853,5.64571
23.0,121.0,2025-10-01,2025-12-08,68,51,18.988508,20.712862,17.867626,79.31589,3.4758286,3.392416
22.0,121.0,2025-10-01,2025-12-08,68,51,22.135242,23.108547,21.386562,76.18501,7.4002576,2.4332428
23.0,121.0,2025-10-01,2025-12-09,69,51,19.126856,21.01467,17.920506,79.52405,3.2717965,3.0527036
22.0,121.0,2025-10-01,2025-12-09,69,51,22.299267,23.401018,21.479115,76.30044,7.0137806,2.5765781
23.0,122.0,2025-10-01,2025-12-09,69,51,20.229298,21.143784,19.40782,78.09382,6.771698,4.992437
22.0,122.0,2025-10-01,2025-12-09,69,51,23.404116,23.805035,22.925877,75.10274,10.56148,4.5273113
22.0,122.0,2025-10-01,2025-12-10,70,51,23.21718,23.68269,22.645449,75.181725,10.6909,2.7970426
23.0,122.0,2025-10-01,2025-12-10,70,51,19.98606,20.978075,19.114529,77.94137,7.0812488,4.1762705
22.0,121.0,2025-10-01,2025-12-10,70,51,22.080837,23.245697,21.201544,76.37194,7.195275,1.7937036
23.0,121.0,2025-10-01,2025-12-10,70,51,18.852358,20.799627,17.606043,79.37151,3.6349173,3.1779444
23.0,122.0,2025-10-01,2025-12-11,71,51,19.678158,20.550472,18.92816,77.70532,7.4514527,4.9666796
22.0,121.0,2025-10-01,2025-12-11,71,51,21.816492,22.873276,21.010979,75.9591,7.5424485,2.4550347
23.0,121.0,2025-10-01,2025-12-11,71,51,18.585756,20.392176,17.439152,79.276184,3.5972102,3.916064
22.0,122.0,2025-10-01,2025-12-11,71,51,22.91132,23.358597,22.410889,74.64788,11.439885,3.509993
22.0,122.0,2025-10-01,2025-12-12,72,51,22.872042,23.347221,22.324253,72.997475,10.933684,2.632187
23.0,121.0,2025-10-01,2025-12-12,72,51,18.503534,20.254658,17.325035,78.973335,3.4592223,4.179452
22.0,121.0,2025-10-01,2025-12-12,72,51,21.757706,22.798101,20.887264,75.092766,7.233738,1.8595916
23.0,122.0,2025-10-01,2025-12-12,72,51,19.6154,20.538412,18.77152,76.57438,7.116399,4.948601
23.0,121.0,2025-10-01,2025-12-13,73,51,18.514277,20.336235,17.368631,78.78479,3.1641784,3.8884246
22.0,121.0,2025-10-01,2025-12-13,73,51,21.79004,22.822634,21.01005,75.16439,7.087388,2.1437633
23.0,122.0,2025-10-01,2025-12-13,73,51,19.69249,20.602682,18.924719,76.77393,6.5751514,4.9817467
22.0,122.0,2025-10-01,2025-12-13,73,51,22.970942,23.379116,22.48842,73.4604,10.569139,3.2387333
22.0,122.0,2025-10-01,2025-12-14,74,51,23.100557,23.432035,22.721127,74.009056,9.811111,3.3126454
23.0,122.0,2025-10-01,2025-12-14,74,51,19.8708,20.729893,19.201141,77.56763,6.19855,5.0628424
22.0,121.0,2025-10-01,2025-12-14,74,51,21.917845,22.96135,21.178318,75.73305,6.658125,2.2735527
23.0,121.0,2025-10-01,2025-12-14,74,51,18.690727,20.474365,17.627905,79.60687,3.14083,4.027415
22.0,122.0,2025-10-01,2025-12-15,75,51,22.889244,23.388689,22.30476,74.22475,10.485295,3.4982598
23.0,122.0,2025-10-01,2025-12-15,75,51,19.611372,20.57577,18.726719,77.59326,6.8666444,5.869579
23.0,121.0,2025-10-01,2025-12-15,75,51,18.483637,20.216528,17.314606,79.40028,3.4721975,5.062882
22.0,121.0,2025-10-01,2025-12-15,75,51,21.75882,22.750952,20.958382,75.73595,6.983304,2.6920848
23.0,122.0,2025-10-01,2025-12-16,76,51,19.200888,20.091005,18.456085,76.9351,6.9293675,4.7853904
23.0,121.0,2025-10-01,2025-12-16,76,51,18.072042,19.953087,16.884111,78.86746,3.4461577,3.580581
22.0,121.0,2025-10-01,2025-12-16,76,51,21.427116,22.511518,20.603575,74.957214,7.3049126,2.1341
22.0,122.0,2025-10-01,2025-12-16,76,51,22.558384,22.928408,22.13352,73.341866,10.843664,3.3460534
23.0,121.0,2025-10-01,2025-12-17,77,51,18.303192,20.24291,17.116486,78.92831,3.1958933,2.7572598
22.0,121.0,2025-10-01,2025-12-17,77,51,21.562239,22.638407,20.742928,75.10271,6.774292,1.6415348
22.0,122.0,2025-10-01,2025-12-17,77,51,22.723389,23.1653,22.178484,73.41257,9.889411,2.8157668
23.0,122.0,2025-10-01,2025-12-17,77,51,19.462044,20.447826,18.588312,76.945335,6.2578855,3.924748
23.0,122.0,2025-10-01,2025-12-18,78,51,19.435492,20.476917,18.620083,77.00601,6.4382935,3.8934002
22.0,122.0,2025-10-01,2025-12-18,78,51,22.676409,23.145496,22.1486,74.177986,10.055288,3.144562
22.0,121.0,2025-10-01,2025-12-18,78,51,21.544477,22.667639,20.682497,75.50739,6.8597155,2.0585334
23.0,121.0,2025-10-01,2025-12-18,78,51,18.30601,20.322575,17.046995,78.5969,3.2728508,2.8130965
23.0,122.0,2025-10-01,2025-12-19,79,51,19.379011,20.347311,18.610315,77.34876,6.3704934,3.910164
22.0,122.0,2025-10-01,2025-12-19,79,51,22.6151,23.031427,22.14252,74.11276,9.944369,2.408258
23.0,121.0,2025-10-01,2025-12-19,79,51,18.232449,20.14766,17.06823,79.10732,3.1256313,3.3000731
22.0,121.0,2025-10-01,2025-12-19,79,51,21.466112,22.56924,20.661463,75.597855,6.660913,1.7947627
22.0,121.0,2025-10-01,2025-12-20,80,51,21.455667,22.49968,20.61102,75.969315,6.608047,2.4109247
23.0,121.0,2025-10-01,2025-12-20,80,51,18.191301,20.038868,16.994617,79.70333,3.140752,4.5630836
22.0,122.0,2025-10-01,2025-12-20,80,51,22.609482,23.077648,22.071964,74.145706,9.835281,3.000143
23.0,122.0,2025-10-01,2025-12-20,80,51,19.34267,20.30724,18.494696,77.588684,6.3164845,5.151594
23.0,121.0,2025-10-01,2025-12-21,81,51,18.12851,19.985416,16.961039,79.540115,3.259669,3.4448416
23.0,122.0,2025-10-01,2025-12-21,81,51,19.271784,20.233997,18.43888,77.27618,6.47827,3.927662
22.0,121.0,2025-10-01,2025-12-21,81,51,21.373129,22.44371,20.520468,75.887375,6.7183423,1.7658865
22.0,122.0,2025-10-01,2025-12-21,81,51,22.518932,23.017065,21.956024,73.90952,9.981122,2.2487864
22.0,122.0,2025-10-01,2025-12-22,82,51,22.42138,22.822906,21.952888,74.60578,10.460905,2.6206431
22.0,121.0,2025-10-01,2025-12-22,82,51,21.313135,22.35624,20.47609,75.966034,7.018651,1.6267649
23.0,122.0,2025-10-01,2025-12-22,82,51,19.085371,19.956993,18.33865,77.98875,6.6160183,4.552715
23.0,121.0,2025-10-01,2025-12-22,82,51,17.97947,19.741796,16.833235,79.58699,3.248233,3.5667622
22.0,121.0,2025-10-01,2025-12-23,83,51,21.422081,22.532913,20.585693,76.31262,6.8404627,3.6358845
23.0,122.0,2025-10-01,2025-12-23,83,51,19.322672,20.377666,18.476252,77.76623,6.420542,4.805645
23.0,121.0,2025-10-01,2025-12-23,83,51,18.19729,20.190323,16.963608,79.31885,3.3231757,4.5487924
22.0,122.0,2025-10-01,2025-12-23,83,51,22.55,22.946753,22.044502,75.00913,10.039893,3.8892589
23.0,121.0,2025-10-01,2025-12-24,84,51,17.811811,19.6231,16.600878,78.76128,3.6586542,3.9956641
22.0,122.0,2025-10-01,2025-12-24,84,51,22.136692,22.622402,21.572716,74.70489,11.256194,3.2575228
22.0,121.0,2025-10-01,2025-12-24,84,51,21.071075,22.111086,20.216433,75.660576,7.5319443,2.4945068
23.0,122.0,2025-10-01,2025-12-24,84,51,18.875067,19.79212,18.030706,77.58559,7.33456,4.7504945
22.0,122.0,2025-10-01,2025-12-25,85,51,22.089497,22.55451,21.551231,74.10532,10.468708,3.2355921
23.0,121.0,2025-10-01,2025-12-25,85,51,17.646955,19.404472,16.463602,78.83184,3.2998016,3.8461423
23.0,122.0,2025-10-01,2025-12-25,85,51,18.75589,19.661575,17.921688,77.35848,6.636892,4.740331
22.0,121.0,2025-10-01,2025-12-25,85,51,20.978151,21.993095,20.119879,75.34051,7.1008368,2.3334517
23.0,121.0,2025-10-01,2025-12-26,86,51,17.763247,19.642097,16.504332,79.43835,3.1484888,5.16021
22.0,121.0,2025-10-01,2025-12-26,86,51,21.072817,22.15223,20.208214,75.54859,6.6792283,3.1746614
22.0,122.0,2025-10-01,2025-12-26,86,51,22.258402,22.73528,21.665388,73.66099,9.753009,4.240236
23.0,122.0,2025-10-01,2025-12-26,86,51,18.946112,19.875523,18.054537,77.245575,6.1914415,6.2242527
22.0,122.0,2025-10-01,2025-12-27,87,51,22.159779,22.645311,21.633942,74.083984,9.581963,2.3149223
23.0,122.0,2025-10-01,2025-12-27,87,51,18.798168,19.844494,17.970015,77.23756,6.2781916,4.226239
23.0,121.0,2025-10-01,2025-12-27,87,51,17.633224,19.606781,16.417189,79.07244,3.2360566,3.4582489
22.0,121.0,2025-10-01,2025-12-27,87,51,20.992065,22.104221,20.158585,75.621796,6.487844,1.5447671
23.0,121.0,2025-10-01,2025-12-28,88,51,17.523336,19.415783,16.356916,78.67932,3.1605132,3.7529376
22.0,121.0,2025-10-01,2025-12-28,88,51,20.898493,21.915066,20.121452,74.88312,6.613888,2.3783758
22.0,122.0,2025-10-01,2025-12-28,88,51,22.004404,22.436245,21.517626,73.160446,9.685737,2.9020386
23.0,122.0,2025-10-01,2025-12-28,88,51,18.62675,19.56369,17.850061,76.645096,6.201777,4.2762218
22.0,121.0,2025-10-01,2025-12-29,89,51,21.004519,22.106573,20.200798,74.59974,6.5008082,1.5964512
23.0,122.0,2025-10-01,2025-12-29,89,51,18.735588,19.694963,17.913895,76.71837,6.071264,4.371638
23.0,121.0,2025-10-01,2025-12-29,89,51,17.608618,19.531473,16.441408,78.81171,3.0914354,3.369311
22.0,122.0,2025-10-01,2025-12-29,89,51,22.134016,22.552187,21.632654,72.81717,9.530261,2.6028957
23.0,122.0,2025-10-01,2025-12-30,90,51,18.615074,19.553888,17.897549,77.53537,6.384442,3.696878
22.0,122.0,2025-10-01,2025-12-30,90,51,21.935356,22.34756,21.488276,74.22097,9.964396,1.9110736
22.0,121.0,2025-10-01,2025-12-30,90,51,20.891323,22.00952,20.1033,75.43137,6.741318,1.2957064
23.0,121.0,2025-10-01,2025-12-30,90,51,17.573282,19.530327,16.433762,79.00079,3.2010694,3.0834918
22.0,122.0,2025-10-01,2025-12-31,91,51,21.991705,22.404388,21.489485,74.02625,9.669019,3.6132488
23.0,121.0,2025-10-01,2025-12-31,91,51,17.540882,19.422068,16.39902,79.7251,3.0472856,4.1410236
23.0,122.0,2025-10-01,2025-12-31,91,51,18.649519,19.586958,17.868185,77.684616,6.062195,5.146764
22.0,121.0,2025-10-01,2025-12-31,91,51,20.880701,21.925322,20.077085,75.75534,6.5752254,2.598056
23.0,122.0,2025-10-01,2026-01-01,92,51,18.659952,19.65288,17.807886,76.90988,6.196272,4.4506054
22.0,122.0,2025-10-01,2026-01-01,92,51,21.920412,22.428478,21.373579,73.450226,9.744731,3.2708614
22.0,121.0,2025-10-01,2026-01-01,92,51,20.83646,21.9367,20.021446,75.53774,6.5719666,2.6330626
23.0,121.0,2025-10-01,2026-01-01,92,51,17.578289,19.530746,16.399399,79.321106,3.0790174,3.8183844
22.0,121.0,2025-10-01,2026-01-02,93,51,20.816689,21.94009,19.96792,75.44373,6.5871534,2.7384171
23.0,122.0,2025-10-01,2026-01-02,93,51,18.59122,19.63019,17.746607,77.68878,6.3457413,6.323224
23.0,121.0,2025-10-01,2026-01-02,93,51,17.487152,19.480356,16.28524,79.43068,3.2547753,4.549575
22.0,122.0,2025-10-01,2026-01-02,93,51,21.923216,22.386164,21.38358,74.01032,9.796184,4.519698
23.0,122.0,2025-10-01,2026-01-03,94,51,18.479269,19.512022,17.601505,77.773544,6.549408,4.297357
22.0,122.0,2025-10-01,2026-01-03,94,51,21.83101,22.275888,21.27,74.26321,10.147602,2.2552538
22.0,121.0,2025-10-01,2026-01-03,94,51,20.725176,21.899275,19.809046,75.76805,6.8033023,1.4341667
23.0,121.0,2025-10-01,2026-01-03,94,51,17.375725,19.415733,16.107029,79.568924,3.2645001,3.48154
22.0,122.0,2025-10-01,2026-01-04,95,51,21.742569,22.181,21.241669,74.55884,9.748143,3.4711566
23.0,121.0,2025-10-01,2026-01-04,95,51,17.308222,19.296368,16.127281,78.809784,3.0665028,3.9135437
23.0,122.0,2025-10-01,2026-01-04,95,51,18.377684,19.37956,17.599466,77.50328,6.148302,4.9090037
22.0,121.0,2025-10-01,2026-01-04,95,51,20.6709,21.777262,19.878687,75.59712,6.6250515,2.4661665
23.0,122.0,2025-10-01,2026-01-05,96,51,18.489326,19.481895,17.6231,77.650635,6.058816,4.5650287
22.0,121.0,2025-10-01,2026-01-05,96,51,20.77423,21.879095,19.941826,75.42124,6.532358,1.7446247
22.0,122.0,2025-10-01,2026-01-05,96,51,21.865385,22.320726,21.306051,74.05943,9.528789,2.816782
23.0,121.0,2025-10-01,2026-01-05,96,51,17.400518,19.339687,16.245247,79.27775,3.1169782,3.4994597
22.0,122.0,2025-10-01,2026-01-06,97,51,21.631298,22.166327,21.072783,75.63459,10.05736,2.8851647
23.0,122.0,2025-10-01,2026-01-06,97,51,18.25898,19.211878,17.44042,78.84833,6.614023,5.460386
23.0,121.0,2025-10-01,2026-01-06,97,51,17.282001,19.20997,16.040733,79.65276,3.3967614,4.304756
22.0,121.0,2025-10-01,2026-01-06,97,51,20.652233,21.793665,19.757954,76.23578,6.7953634,1.7246732
23.0,122.0,2025-10-01,2026-01-07,98,51,18.343283,19.224365,17.598413,78.38382,6.298704,5.9077425
22.0,122.0,2025-10-01,2026-01-07,98,51,21.704414,22.100489,21.24011,75.31141,9.943008,4.145958
22.0,121.0,2025-10-01,2026-01-07,98,51,20.640673,21.660446,19.853128,76.4394,6.7596254,3.3424034
23.0,121.0,2025-10-01,2026-01-07,98,51,17.281824,19.08625,16.172459,79.733826,3.1769845,5.1069603
22.0,121.0,2025-10-01,2026-01-08,99,51,20.77103,21.851778,19.956638,76.02968,6.2326193,4.398164
23.0,122.0,2025-10-01,2026-01-08,99,51,18.613283,19.59049,17.770302,77.728615,5.7338243,7.3010764
23.0,121.0,2025-10-01,2026-01-08,99,51,17.478466,19.395782,16.239883,79.50742,2.9868119,5.5632205
22.0,122.0,2025-10-01,2026-01-08,99,51,21.908455,22.310144,21.426748,74.534996,9.07059,6.1414075
22.0,121.0,2025-10-01,2026-01-09,100,51,20.761454,21.900303,19.873337,75.68106,6.368485,3.1276984
23.0,122.0,2025-10-01,2026-01-09,100,51,18.459341,19.47045,17.530895,77.8319,6.031708,5.72372
22.0,122.0,2025-10-01,2026-01-09,100,51,21.810831,22.349253,21.161112,74.08813,9.391629,4.0682154
23.0,121.0,2025-10-01,2026-01-09,100,51,17.412117,19.35893,16.170723,79.714516,3.0816648,4.784999
22.0,121.0,2025-10-01,2026-01-10,101,51,20.629908,21.677132,19.809082,76.08067,6.363328,3.0180726
22.0,122.0,2025-10-01,2026-01-10,101,51,21.704903,22.150822,21.173697,74.60469,9.309853,4.036367
23.0,122.0,2025-10-01,2026-01-10,101,51,18.303818,19.234028,17.453773,78.2617,6.0219026,6.5468864
23.0,121.0,2025-10-01,2026-01-10,101,51,17.23102,19.073277,16.006805,80.00395,3.1251748,5.5344996
22.0,122.0,2025-10-01,2026-01-11,102,51,21.505402,22.026915,20.854975,74.9392,9.733735,3.417249
22.0,121.0,2025-10-01,2026-01-11,102,51,20.498335,21.601908,19.612226,75.79441,6.5509424,2.713097
23.0,122.0,2025-10-01,2026-01-11,102,51,18.164389,19.211203,17.165508,78.45319,6.529649,4.742816
23.0,121.0,2025-10-01,2026-01-11,102,51,17.159298,19.12495,15.873018,79.53911,3.4215512,4.036273
23.0,122.0,2025-10-01,2026-01-12,103,51,17.80202,18.847649,16.876762,77.45222,6.5427003,4.622659
22.0,121.0,2025-10-01,2026-01-12,103,51,20.21104,21.303583,19.340668,75.04684,6.594873,2.3279324
23.0,121.0,2025-10-01,2026-01-12,103,51,16.789484,18.686497,15.557234,79.01685,3.29031,3.9656305
22.0,122.0,2025-10-01,2026-01-12,103,51,21.22547,21.732552,20.630566,73.73582,9.914186,2.9845061
23.0,121.0,2025-10-01,2026-01-13,104,51,16.651665,18.55032,15.467496,78.524956,3.190134,3.7770746
22.0,121.0,2025-10-01,2026-01-13,104,51,20.101753,21.17261,19.273594,74.56545,6.6620774,1.955742
22.0,122.0,2025-10-01,2026-01-13,104,51,21.143814,21.596048,20.592136,73.04223,9.758663,3.1011975
23.0,122.0,2025-10-01,2026-01-13,104,51,17.691698,18.637794,16.857992,76.73298,6.2403636,4.921631
23.0,121.0,2025-10-01,2026-01-14,105,51,16.96199,18.855715,15.858463,79.12325,3.0066388,4.875815
22.0,122.0,2025-10-01,2026-01-14,105,51,21.433903,21.852545,20.897274,72.88791,8.940276,4.4888077
22.0,121.0,2025-10-01,2026-01-14,105,51,20.362343,21.40896,19.548323,74.804306,6.164078,3.3978038
23.0,122.0,2025-10-01,2026-01-14,105,51,18.031649,18.96049,17.265615,76.87422,5.7091103,5.9630017
22.0,122.0,2025-10-01,2026-01-15,106,51,21.533543,22.099174,20.940273,73.73395,8.943606,2.7943127
23.0,122.0,2025-10-01,2026-01-15,106,51,18.187706,19.18922,17.27554,77.56014,5.7158055,4.7539344
23.0,121.0,2025-10-01,2026-01-15,106,51,17.098438,19.014793,15.811111,79.72537,2.974281,4.2180066
22.0,121.0,2025-10-01,2026-01-15,106,51,20.442268,21.527054,19.535843,75.58572,6.146244,2.2591248
22.0,121.0,2025-10-01,2026-01-16,107,51,20.569197,21.772022,19.631865,75.5392,6.240098,2.663607
23.0,121.0,2025-10-01,2026-01-16,107,51,17.181866,19.306084,15.809551,79.518715,3.0419614,5.091253
22.0,122.0,2025-10-01,2026-01-16,107,51,21.68643,22.227194,21.067177,73.76633,9.152929,3.1361797
23.0,122.0,2025-10-01,2026-01-16,107,51,18.297085,19.411167,17.307905,77.40098,5.8685555,5.5612082
23.0,122.0,2025-10-01,2026-01-17,108,51,18.19725,19.243818,17.38274,77.86159,5.5539675,4.596708
22.0,122.0,2025-10-01,2026-01-17,108,51,21.60869,22.069336,21.118631,74.34924,8.975105,2.633783
22.0,121.0,2025-10-01,2026-01-17,108,51,20.52361,21.648666,19.704697,76.049576,6.1575975,1.9100399
23.0,121.0,2025-10-01,2026-01-17,108,51,17.114119,19.156952,15.884667,79.86477,2.7739806,3.874383
23.0,121.0,2025-10-01,2026-01-18,109,51,17.388243,19.483128,16.008507,80.21051,2.9351928,3.7945993
22.0,121.0,2025-10-01,2026-01-18,109,51,20.709726,21.854239,19.787685,76.4343,6.149959,2.0889063
22.0,122.0,2025-10-01,2026-01-18,109,51,21.787653,22.244217,21.232386,74.45893,8.902203,2.6317246
23.0,122.0,2025-10-01,2026-01-18,109,51,18.46434,19.560919,17.529058,77.90975,5.647516,4.334865
23.0,122.0,2025-10-01,2026-01-19,110,51,18.518398,19.555658,17.656685,79.103516,5.771345,5.1643534
22.0,122.0,2025-10-01,2026-01-19,110,51,21.874619,22.315693,21.349733,75.98978,9.039003,3.0946918
23.0,121.0,2025-10-01,2026-01-19,110,51,17.500393,19.549932,16.23247,80.38871,3.0039563,4.8538675
22.0,121.0,2025-10-01,2026-01-19,110,51,20.854782,22.013262,19.984499,77.04276,6.2091494,2.7858534
23.0,121.0,2025-10-01,2026-01-20,111,51,17.595352,19.600714,16.376747,81.4166,2.8000872,5.9450965
22.0,121.0,2025-10-01,2026-01-20,111,51,20.887554,21.955883,20.067728,77.88048,5.7871027,3.401141
22.0,122.0,2025-10-01,2026-01-20,111,51,21.931736,22.361547,21.413803,76.607285,8.491407,4.032734
23.0,122.0,2025-10-01,2026-01-20,111,51,18.637674,19.680204,17.77099,79.88837,5.4033504,6.5754933
23.0,122.0,2025-10-01,2026-01-21,112,51,18.444384,19.574535,17.477135,79.6082,6.1228843,5.16463
22.0,122.0,2025-10-01,2026-01-21,112,51,21.784857,22.382431,21.12058,76.0629,9.19428,3.2701519
22.0,121.0,2025-10-01,2026-01-21,112,51,20.772041,21.894924,19.807438,77.592026,6.1548066,2.7323506
23.0,121.0,2025-10-01,2026-01-21,112,51,17.433273,19.407139,16.108833,81.40774,3.0913954,4.629
23.0,121.0,2025-10-01,2026-01-22,113,51,17.131325,19.17543,15.862202,79.898186,3.2090454,4.0214515
22.0,122.0,2025-10-01,2026-01-22,113,51,21.40771,21.899933,20.862677,74.89475,9.159853,2.885865
23.0,122.0,2025-10-01,2026-01-22,113,51,18.067446,19.117197,17.175041,78.3903,6.06115,4.8926964
22.0,121.0,2025-10-01,2026-01-22,113,51,20.470215,21.592089,19.602917,76.13132,6.229291,2.0137234
22.0,122.0,2025-10-01,2026-01-23,114,51,21.35124,21.839619,20.764482,74.06997,8.761905,3.7474263
23.0,122.0,2025-10-01,2026-01-23,114,51,17.982128,19.097414,17.072836,77.49002,5.698712,5.816415
22.0,121.0,2025-10-01,2026-01-23,114,51,20.41857,21.538197,19.55068,75.72665,5.963872,3.4230251
23.0,121.0,2025-10-01,2026-01-23,114,51,17.05077,19.092978,15.790348,79.435936,2.9590955,5.4878983
23.0,122.0,2025-10-01,2026-01-24,115,51,17.84653,18.870344,16.867144,77.902695,6.0426292,5.950392
22.0,121.0,2025-10-01,2026-01-24,115,51,20.33191,21.50183,19.351976,75.76402,6.228771,2.7558439
23.0,121.0,2025-10-01,2026-01-24,115,51,16.926113,18.910255,15.569796,79.61546,3.1618361,5.0439897
22.0,122.0,2025-10-01,2026-01-24,115,51,21.25367,21.769323,20.595007,74.29283,9.181971,3.6633701
22.0,121.0,2025-10-01,2026-01-25,116,51,20.287458,21.356493,19.456821,75.65868,6.2151146,1.8550888
23.0,122.0,2025-10-01,2026-01-25,116,51,17.85468,18.830595,17.045986,78.108574,6.1519194,5.0809803
22.0,122.0,2025-10-01,2026-01-25,116,51,21.185478,21.613873,20.670351,74.44531,9.259688,2.4305234
23.0,121.0,2025-10-01,2026-01-25,116,51,16.957634,18.898418,15.766077,79.578,3.1539755,4.507575
22.0,121.0,2025-10-01,2026-01-26,117,51,20.380678,21.508038,19.491087,75.449326,6.3274913,1.6861441
23.0,121.0,2025-10-01,2026-01-26,117,51,17.033901,19.027006,15.754047,79.26904,3.131668,4.159264
22.0,122.0,2025-10-01,2026-01-26,117,51,21.338245,21.871058,20.72896,73.83871,9.126619,2.0723798
23.0,122.0,2025-10-01,2026-01-26,117,51,17.990208,19.037937,17.07711,77.37628,5.89701,4.5464177
23.0,121.0,2025-10-01,2026-01-27,118,51,17.043016,19.178154,15.737506,79.10951,3.0956888,3.6933892
22.0,121.0,2025-10-01,2026-01-27,118,51,20.433823,21.700556,19.494627,75.45199,6.286825,1.5264887
22.0,122.0,2025-10-01,2026-01-27,118,51,21.35541,21.894688,20.701378,74.275276,9.220236,2.2356544
23.0,122.0,2025-10-01,2026-01-27,118,51,17.963545,19.04328,16.985144,77.65277,5.9728866,4.4017982
22.0,121.0,2025-10-01,2026-01-28,119,51,20.205795,21.371323,19.268438,75.13476,6.5040026,1.6927347
22.0,122.0,2025-10-01,2026-01-28,119,51,21.07886,21.641745,20.476486,73.86596,9.646439,2.0246918
23.0,122.0,2025-10-01,2026-01-28,119,51,17.672125,18.739275,16.734505,77.1159,6.325993,4.0509667
23.0,121.0,2025-10-01,2026-01-28,119,51,16.79998,18.830303,15.490318,78.63958,3.1989138,3.7188613
23.0,121.0,2025-10-01,2026-01-29,120,51,16.612886,18.67995,15.414197,78.17973,3.1141572,4.108523
23.0,122.0,2025-10-01,2026-01-29,120,51,17.499249,18.53276,16.60372,76.794075,5.938972,4.3614154
22.0,122.0,2025-10-01,2026-01-29,120,51,20.870203,21.377724,20.32176,73.62258,9.300524,2.0189664
22.0,121.0,2025-10-01,2026-01-29,120,51,19.982979,21.12273,19.151934,74.76,6.37516,1.7665243
22.0,122.0,2025-10-01,2026-01-30,121,51,21.21725,21.683311,20.681421,72.83362,8.657679,3.2009368
23.0,121.0,2025-10-01,2026-01-30,121,51,16.794699,18.892769,15.494938,78.3135,2.869931,4.22283
22.0,121.0,2025-10-01,2026-01-30,121,51,20.23347,21.377773,19.378473,74.344505,6.043515,2.280474
23.0,122.0,2025-10-01,2026-01-30,121,51,17.777168,18.841536,16.863752,76.509705,5.4360847,5.1415634
22.0,122.0,2025-10-01,2026-01-31,122,51,21.364008,21.904902,20.66948,73.91733,8.511655,2.6272259
22.0,121.0,2025-10-01,2026-01-31,122,51,20.402523,21.71921,19.382784,75.59942,5.900734,2.179034
23.0,121.0,2025-10-01,2026-01-31,122,51,17.040146,19.365356,15.666688,79.22537,3.0911248,4.194994
23.0,122.0,2025-10-01,2026-01-31,122,51,18.000431,19.242243,16.972054,77.218575,5.6112223,4.6440873
22.0,121.0,2025-10-01,2026-02-01,123,51,20.125845,21.3547,19.098906,74.964294,5.9849524,1.9832627
22.0,122.0,2025-10-01,2026-02-01,123,51,20.986687,21.577662,20.257662,73.63125,8.793856,2.1521528
23.0,122.0,2025-10-01,2026-02-01,123,51,17.574154,18.805351,16.501238,77.02551,5.7982087,4.133927
23.0,121.0,2025-10-01,2026-02-01,123,51,16.714058,18.955029,15.28754,78.64226,3.006505,3.9637625
23.0,121.0,2025-10-01,2026-02-02,124,51,16.68306,18.734377,15.418465,78.55265,3.0399988,3.5438974
23.0,122.0,2025-10-01,2026-02-02,124,51,17.640644,18.71594,16.64053,76.51162,5.721846,3.8210125
22.0,122.0,2025-10-01,2026-02-02,124,51,21.05767,21.60058,20.377045,72.74273,8.79488,1.6132812
22.0,121.0,2025-10-01,2026-02-02,124,51,20.099113,21.230751,19.186827,74.48275,6.0438495,1.3362265
22.0,121.0,2025-10-01,2026-02-03,125,51,20.333456,21.495346,19.449818,74.48639,5.806098,1.619377
22.0,122.0,2025-10-01,2026-02-03,125,51,21.255257,21.704672,20.70543,72.99275,8.480489,2.1612093
23.0,122.0,2025-10-01,2026-02-03,125,51,17.864443,18.968761,16.92462,76.859695,5.447725,4.564841
23.0,121.0,2025-10-01,2026-02-03,125,51,16.943502,19.096672,15.634507,78.65894,2.8203018,4.020837
23.0,121.0,2025-10-01,2026-02-04,126,51,16.980583,19.019974,15.702838,79.39982,2.8660474,4.710448
23.0,122.0,2025-10-01,2026-02-04,126,51,17.876846,18.915281,16.986837,77.72018,5.566652,6.017772
22.0,122.0,2025-10-01,2026-02-04,126,51,21.217728,21.75056,20.606682,74.45441,8.64775,4.0116186
22.0,121.0,2025-10-01,2026-02-04,126,51,20.320583,21.493786,19.39192,75.86811,5.875019,2.7015972
22.0,121.0,2025-10-01,2026-02-05,127,51,20.31864,21.494421,19.429638,75.37099,6.135199,2.2575934
22.0,122.0,2025-10-01,2026-02-05,127,51,21.214554,21.663797,20.707878,74.42697,8.88537,3.181424
23.0,122.0,2025-10-01,2026-02-05,127,51,17.86566,18.945728,17.032629,77.502625,5.574021,4.4286776
23.0,121.0,2025-10-01,2026-02-05,127,51,16.970718,19.051886,15.68116,78.69004,2.8658047,3.5050018
23.0,121.0,2025-10-01,2026-02-06,128,51,17.170084,19.339941,15.7764225,79.36461,2.9159977,5.1189137
23.0,122.0,2025-10-01,2026-02-06,128,51,18.08691,19.253159,17.076021,77.89858,5.5691643,5.9157295
22.0,122.0,2025-10-01,2026-02-06,128,51,21.390766,21.8731,20.772303,74.84275,8.862538,4.3239636
22.0,121.0,2025-10-01,2026-02-06,128,51,20.473001,21.688892,19.51357,76.05265,6.2321687,3.5227273
22.0,121.0,2025-10-01,2026-02-07,129,51,20.429296,21.519115,19.528915,76.478264,6.3838997,2.6035354
22.0,122.0,2025-10-01,2026-02-07,129,51,21.264267,21.748741,20.721823,75.23209,9.372113,3.3828573
23.0,122.0,2025-10-01,2026-02-07,129,51,17.993174,19.036674,17.061964,78.382484,5.9240775,4.9423194
23.0,121.0,2025-10-01,2026-02-07,129,51,17.158892,19.144516,15.812074,79.87722,2.9685037,4.165316
23.0,121.0,2025-10-01,2026-02-08,130,51,17.318274,19.443487,15.906207,80.34107,2.9627495,5.494624
23.0,122.0,2025-10-01,2026-02-08,130,51,18.155935,19.33581,17.13205,78.6776,5.605763,5.9134316
22.0,121.0,2025-10-01,2026-02-08,130,51,20.600521,21.800295,19.61657,76.45691,6.122423,3.0141733
22.0,122.0,2025-10-01,2026-02-08,130,51,21.438848,21.965574,20.81368,75.0558,8.872949,3.4335735
23.0,121.0,2025-10-01,2026-02-09,131,51,17.220623,19.068617,15.976555,80.4968,2.8338556,6.167979
23.0,122.0,2025-10-01,2026-02-09,131,51,18.069908,19.030293,17.16415,79.00818,5.454731,7.1192493
22.0,121.0,2025-10-01,2026-02-09,131,51,20.48721,21.521868,19.650297,77.34015,5.800429,3.715202
22.0,122.0,2025-10-01,2026-02-09,131,51,21.337324,21.834444,20.737007,76.09752,8.527799,4.6685
22.0,122.0,2025-10-01,2026-02-10,132,51,21.276386,21.826084,20.599346,74.20222,8.651545,2.0480323
22.0,121.0,2025-10-01,2026-02-10,132,51,20.515049,21.669754,19.569166,75.54159,5.87909,1.7074692
23.0,121.0,2025-10-01,2026-02-10,132,51,17.240412,19.318863,15.883401,79.253494,2.9076324,4.073851
23.0,122.0,2025-10-01,2026-02-10,132,51,18.001236,19.131144,16.990337,77.6416,5.593336,4.4151626
23.0,122.0,2025-10-01,2026-02-11,133,51,18.090324,19.214706,17.159933,76.875374,5.1395683,5.1389565
23.0,121.0,2025-10-01,2026-02-11,133,51,17.256681,19.373533,15.96668,78.969124,2.6840765,4.610809
22.0,121.0,2025-10-01,2026-02-11,133,51,20.530895,21.663872,19.679783,74.94172,5.612925,2.007384
22.0,122.0,2025-10-01,2026-02-11,133,51,21.365171,21.821957,20.816595,73.16352,8.066027,2.536213
22.0,122.0,2025-10-01,2026-02-12,134,51,21.257616,21.885057,20.537708,74.59501,9.141007,2.3922539
22.0,121.0,2025-10-01,2026-02-12,134,51,20.494968,21.714672,19.502172,76.10337,6.134808,2.2772858
23.0,121.0,2025-10-01,2026-02-12,134,51,17.213842,19.306276,15.803572,79.70178,3.1333206,4.9348574
23.0,122.0,2025-10-01,2026-02-12,134,51,17.975971,19.155533,16.897923,77.93321,6.0950885,5.051169
23.0,122.0,2025-10-01,2026-02-13,135,51,17.734955,18.744385,16.887112,76.742325,5.8153315,4.451229
23.0,121.0,2025-10-01,2026-02-13,135,51,17.019836,19.001978,15.759232,78.95668,3.0035527,4.0388694
22.0,121.0,2025-10-01,2026-02-13,135,51,20.305365,21.43656,19.391216,75.091576,6.2353745,1.8772864
22.0,122.0,2025-10-01,2026-02-13,135,51,21.020592,21.489052,20.468807,73.174904,9.045907,2.2880058
22.0,122.0,2025-10-01,2026-02-14,136,51,21.184156,21.70772,20.544783,73.87369,8.574669,3.950571
22.0,121.0,2025-10-01,2026-02-14,136,51,20.372936,21.561758,19.38775,75.46377,5.9683,3.2408166
23.0,121.0,2025-10-01,2026-02-14,136,51,17.145239,19.23755,15.757403,78.80454,2.9175365,4.684943
23.0,122.0,2025-10-01,2026-02-14,136,51,17.95585,19.091782,16.94167,76.92849,5.467982,5.3905783
23.0,122.0,2025-10-01,2026-02-15,137,51,17.854898,19.048132,16.893017,77.29094,5.596454,4.9216104
23.0,121.0,2025-10-01,2026-02-15,137,51,17.071657,19.363142,15.654699,78.11808,2.9530237,4.1382403
22.0,121.0,2025-10-01,2026-02-15,137,51,20.348633,21.618185,19.385656,74.91229,5.900151,2.188406
22.0,122.0,2025-10-01,2026-02-15,137,51,21.132296,21.633291,20.524,74.31159,8.6148205,2.9737992
22.0,122.0,2025-10-01,2026-02-16,138,51,21.28675,21.810806,20.711687,74.156555,8.550168,2.2917295
22.0,121.0,2025-10-01,2026-02-16,138,51,20.455208,21.664507,19.585028,75.007965,5.8823214,1.7255136
23.0,121.0,2025-10-01,2026-02-16,138,51,17.171505,19.336311,15.869789,78.301956,2.7376459,3.4425774
23.0,122.0,2025-10-01,2026-02-16,138,51,18.002392,19.08216,17.081852,77.19386,5.3644223,4.0073743
23.0,122.0,2025-10-01,2026-02-17,139,51,18.404808,19.585295,17.422777,77.00919,5.1066995,5.2046185
23.0,121.0,2025-10-01,2026-02-17,139,51,17.621374,19.859743,16.256556,78.71381,2.6860213,4.055199
22.0,121.0,2025-10-01,2026-02-17,139,51,20.782743,22.031418,19.78768,75.0152,5.645586,2.3003654
22.0,122.0,2025-10-01,2026-02-17,139,51,21.566502,22.056604,20.932222,73.622604,8.109153,3.4527726
22.0,122.0,2025-10-01,2026-02-18,140,51,21.412104,21.908155,20.843655,74.11782,8.487289,2.6059391
22.0,121.0,2025-10-01,2026-02-18,140,51,20.631367,21.796568,19.772955,75.66462,5.81581,2.3911169
23.0,121.0,2025-10-01,2026-02-18,140,51,17.486599,19.619797,16.195549,79.33251,2.82846,4.295617
23.0,122.0,2025-10-01,2026-02-18,140,51,18.266975,19.411266,17.367271,77.49835,5.479461,4.510885
23.0,122.0,2025-10-01,2026-02-19,141,51,18.42825,19.495663,17.559536,77.875755,5.296464,4.4052267
23.0,121.0,2025-10-01,2026-02-19,141,51,17.622229,19.650139,16.399284,79.472176,2.682759,3.9376633
22.0,121.0,2025-10-01,2026-02-19,141,51,20.84145,21.912981,20.001665,75.957,5.764818,2.2986827
22.0,122.0,2025-10-01,2026-02-19,141,51,21.647951,22.116129,21.059103,74.64571,8.393123,2.7667775
22.0,122.0,2025-10-01,2026-02-20,142,51,21.952497,22.395853,21.396967,74.881996,7.9686556,2.2507648
22.0,121.0,2025-10-01,2026-02-20,142,51,21.181686,22.488028,20.30052,76.02987,5.447866,1.8296515
23.0,121.0,2025-10-01,2026-02-20,142,51,18.01054,20.348827,16.687668,79.56313,2.5527427,4.3178034
23.0,122.0,2025-10-01,2026-02-20,142,51,18.781073,19.974392,17.838396,78.11143,5.023541,4.7387733
23.0,122.0,2025-10-01,2026-02-21,143,51,18.80216,20.004541,17.854702,78.113976,5.070796,4.5823913
23.0,121.0,2025-10-01,2026-02-21,143,51,18.061975,20.374214,16.67132,79.29824,2.6384966,3.8298542
22.0,121.0,2025-10-01,2026-02-21,143,51,21.204102,22.468052,20.31648,76.275856,5.5335655,2.6933744
22.0,122.0,2025-10-01,2026-02-21,143,51,21.944536,22.40209,21.398355,75.34848,8.099532,3.4486837
22.0,122.0,2025-10-01,2026-02-22,144,51,22.005486,22.388596,21.515165,76.05261,7.9414177,2.8210797
22.0,121.0,2025-10-01,2026-02-22,144,51,21.319437,22.594482,20.42121,76.70835,5.4341617,2.8348286
23.0,121.0,2025-10-01,2026-02-22,144,51,18.2544,20.575659,16.906988,79.40252,2.5603676,4.299149
23.0,122.0,2025-10-01,2026-02-22,144,51,18.940474,20.144972,18.05563,78.52058,5.0224876,4.286359
22.0,122.0,2025-10-01,2026-02-23,145,51,22.280266,22.756176,21.686428,76.18843,7.551332,2.2570915
22.0,121.0,2025-10-01,2026-02-23,145,51,21.578276,22.910196,20.608297,77.0775,5.2265186,2.454834
23.0,122.0,2025-10-01,2026-02-23,145,51,19.242775,20.550817,18.259645,79.10839,4.771328,4.735433
23.0,121.0,2025-10-01,2026-02-23,145,51,18.540806,20.967709,17.143847,80.248245,2.4641836,4.930357
22.0,121.0,2025-10-01,2026-02-24,146,51,21.645565,22.94047,20.742542,77.4758,5.3674145,3.1344664
23.0,122.0,2025-10-01,2026-02-24,146,51,19.345383,20.572397,18.416027,79.60554,5.014116,6.2458363
23.0,121.0,2025-10-01,2026-02-24,146,51,18.669155,21.004585,17.290068,80.49462,2.5413318,5.8383393
22.0,122.0,2025-10-01,2026-02-24,146,51,22.32177,22.717926,21.796299,76.82624,7.833673,3.5425637
23.0,122.0,2025-10-01,2026-02-25,147,51,19.283014,20.479673,18.310968,79.99663,4.9950423,5.0902867
23.0,121.0,2025-10-01,2026-02-25,147,51,18.664295,20.863705,17.304825,81.27307,2.5208907,4.255389
22.0,121.0,2025-10-01,2026-02-25,147,51,21.630058,22.862871,20.704226,77.966324,5.3173766,2.1148167
22.0,122.0,2025-10-01,2026-02-25,147,51,22.24871,22.760815,21.575878,76.92159,7.8099065,2.9522562
22.0,122.0,2025-10-01,2026-02-26,148,51,22.38466,22.87345,21.746063,77.68983,7.240722,2.7476165
22.0,121.0,2025-10-01,2026-02-26,148,51,21.791214,23.08024,20.842447,78.1326,4.9672017,2.4082503
23.0,121.0,2025-10-01,2026-02-26,148,51,18.838312,21.24157,17.40491,81.19574,2.6177928,4.6367016
23.0,122.0,2025-10-01,2026-02-26,148,51,19.431864,20.773863,18.389912,80.54432,4.9287806,4.9760704
22.0,121.0,2025-10-01,2026-02-27,149,51,21.622374,22.883356,20.740261,78.53625,5.3427377,1.7625146
22.0,122.0,2025-10-01,2026-02-27,149,51,22.162802,22.65165,21.60222,77.787926,8.0059805,1.8582793
23.0,122.0,2025-10-01,2026-02-27,149,51,19.203985,20.442593,18.280918,80.210075,5.294181,4.355889
23.0,121.0,2025-10-01,2026-02-27,149,51,18.663166,20.906801,17.344717,81.178444,2.6448727,4.2607665
23.0,121.0,2025-10-01,2026-02-28,150,51,18.771276,21.027817,17.426464,80.24766,2.2855144,4.228063
23.0,122.0,2025-10-01,2026-02-28,150,51,19.34186,20.570572,18.454807,78.86021,4.675279,3.7872148
22.0,122.0,2025-10-01,2026-02-28,150,51,22.279736,22.715763,21.761032,75.78802,7.439024,1.5844116
22.0,121.0,2025-10-01,2026-02-28,150,51,21.709541,22.929718,20.84621,76.90375,5.058586,2.026159
