latitude,longitude,init_date,valid_date,lead_day,ens_n,t2m_C,t2m_C_max,t2m_C_min,rh_pct,wind_mps,tp_mm_mean
23.0,122.0,2021-12-01,2021-12-01,0,51,17.801445,18.79926,17.116013,72.142296,10.108506,0.0
22.0,121.0,2021-12-01,2021-12-01,0,51,20.186148,21.26269,19.460464,69.15733,9.190598,0.0
22.0,122.0,2021-12-01,2021-12-01,0,51,21.157452,21.562077,20.814053,68.65524,14.413472,0.0
23.0,121.0,2021-12-01,2021-12-01,0,51,16.832848,18.585762,15.657066,72.81978,4.8918943,0.0
23.0,121.0,2021-12-01,2021-12-02,1,51,16.66181,18.348808,15.814417,74.594505,3.786192,2.735306
22.0,122.0,2021-12-01,2021-12-02,1,51,21.441269,21.754278,21.098501,66.40584,10.944058,1.2223191
22.0,121.0,2021-12-01,2021-12-02,1,51,20.127436,21.029547,19.562466,69.50002,7.0551405,1.057034
23.0,122.0,2021-12-01,2021-12-02,1,51,17.972559,18.808031,17.408585,71.026375,7.612244,2.90188
23.0,122.0,2021-12-01,2021-12-03,2,51,17.869514,18.913612,17.075186,68.16103,7.730903,1.8910676
22.0,121.0,2021-12-01,2021-12-03,2,51,20.218046,21.171925,19.454597,67.149826,7.066718,0.83143616
22.0,122.0,2021-12-01,2021-12-03,2,51,21.367378,21.792328,20.813667,63.728962,11.028479,0.726328
23.0,121.0,2021-12-01,2021-12-03,2,51,16.722412,18.510368,15.695051,72.028275,3.765011,1.9949878
23.0,121.0,2021-12-01,2021-12-04,3,51,16.67772,18.118803,15.787772,70.58547,3.646787,1.6410635
22.0,122.0,2021-12-01,2021-12-04,3,51,21.506342,21.94593,20.99464,64.15654,11.045119,1.4918332
23.0,122.0,2021-12-01,2021-12-04,3,51,17.959042,18.517126,17.403952,68.38416,7.296955,2.2733593
22.0,121.0,2021-12-01,2021-12-04,3,51,20.222418,21.023525,19.619724,66.064095,7.395382,0.85666394
23.0,122.0,2021-12-01,2021-12-05,4,51,18.55376,19.319118,17.87146,75.621796,5.6891036,4.2538447
22.0,122.0,2021-12-01,2021-12-05,4,51,22.0339,22.503769,21.52481,71.729385,9.213161,2.7686613
22.0,121.0,2021-12-01,2021-12-05,4,51,20.66267,21.911768,19.856861,71.82223,6.2483654,1.4192704
23.0,121.0,2021-12-01,2021-12-05,4,51,17.185856,19.119156,16.091372,75.93551,2.7752688,2.9085474
22.0,122.0,2021-12-01,2021-12-06,5,51,22.484655,22.865622,22.03851,74.210815,8.680457,2.543013
23.0,122.0,2021-12-01,2021-12-06,5,51,19.17688,20.206038,18.536911,77.611374,6.073468,3.341678
23.0,121.0,2021-12-01,2021-12-06,5,51,17.856997,20.11625,16.758518,78.34769,3.4318428,2.197832
22.0,121.0,2021-12-01,2021-12-06,5,51,21.161573,22.581137,20.314537,74.65761,6.0410867,1.3958575
23.0,121.0,2021-12-01,2021-12-07,6,51,18.06162,20.3374,16.627865,76.10835,4.3582697,1.9248468
22.0,121.0,2021-12-01,2021-12-07,6,51,21.32285,22.692522,20.313604,73.41714,8.205434,1.3350857
23.0,122.0,2021-12-01,2021-12-07,6,51,19.19031,20.322565,18.319393,75.23284,9.030925,2.8395503
22.0,122.0,2021-12-01,2021-12-07,6,51,22.45415,22.900007,21.936583,72.81647,12.865897,2.253627
22.0,121.0,2021-12-01,2021-12-08,7,51,21.14198,22.302935,20.33053,70.54885,7.985978,0.8204396
23.0,121.0,2021-12-01,2021-12-08,7,51,17.753109,19.687498,16.68796,74.75349,3.683935,1.5639944
22.0,122.0,2021-12-01,2021-12-08,7,51,22.43101,22.837946,21.954193,67.848625,12.085136,1.3520732
23.0,122.0,2021-12-01,2021-12-08,7,51,19.039223,19.825731,18.37399,71.668915,7.789089,2.0938587
23.0,122.0,2021-12-01,2021-12-09,8,51,19.78491,20.61647,19.090136,71.80242,5.7608876,2.01823
22.0,122.0,2021-12-01,2021-12-09,8,51,23.109068,23.476187,22.65453,67.3355,9.656282,1.2665082
22.0,121.0,2021-12-01,2021-12-09,8,51,21.59626,22.780666,20.778097,70.776474,6.542095,0.7492543
23.0,121.0,2021-12-01,2021-12-09,8,51,18.275297,20.255947,17.136126,75.75673,2.693646,1.5027318
22.0,122.0,2021-12-01,2021-12-10,9,51,23.587193,23.92043,23.21876,70.69465,9.568539,1.4194351
23.0,122.0,2021-12-01,2021-12-10,9,51,20.323675,21.213047,19.676918,75.012764,5.773943,2.3502235
23.0,121.0,2021-12-01,2021-12-10,9,51,18.806398,20.920155,17.594507,78.53014,2.6843684,1.7934765
22.0,121.0,2021-12-01,2021-12-10,9,51,22.06649,23.318531,21.221832,73.72388,6.4117694,0.86051196
23.0,121.0,2021-12-01,2021-12-11,10,51,19.147633,21.374437,17.888487,80.7582,2.6081557,2.5702202
22.0,121.0,2021-12-01,2021-12-11,10,51,22.37315,23.755533,21.49231,75.837875,6.1992755,0.9682597
23.0,122.0,2021-12-01,2021-12-11,10,51,20.56502,21.581648,19.82247,76.96169,5.5020056,3.1335425
22.0,122.0,2021-12-01,2021-12-11,10,51,23.79373,24.166634,23.357517,72.54824,9.180585,1.5332861
23.0,121.0,2021-12-01,2021-12-12,11,51,19.17944,21.47316,17.897142,80.941895,2.7667859,2.691653
23.0,122.0,2021-12-01,2021-12-12,11,51,20.4666,21.53218,19.711967,77.71316,5.641896,3.672687
22.0,122.0,2021-12-01,2021-12-12,11,51,23.639412,24.008184,23.193235,73.74432,9.000942,2.3822117
22.0,121.0,2021-12-01,2021-12-12,11,51,22.349422,23.758507,21.45981,76.493385,6.0575404,1.3975477
22.0,121.0,2021-12-01,2021-12-13,12,51,22.052725,23.364468,21.109766,77.04723,6.286274,1.5929217
22.0,122.0,2021-12-01,2021-12-13,12,51,23.221085,23.658657,22.715204,75.20011,9.341972,2.7821443
23.0,121.0,2021-12-01,2021-12-13,12,51,18.836742,20.953762,17.54067,80.923,3.1003687,2.9607904
23.0,122.0,2021-12-01,2021-12-13,12,51,20.002462,21.031576,19.204233,78.71083,6.068518,4.1462264
22.0,122.0,2021-12-01,2021-12-14,13,51,22.706406,23.114021,22.191587,75.014366,10.0308075,2.5781898
23.0,122.0,2021-12-01,2021-12-14,13,51,19.405508,20.30485,18.606562,78.48148,6.5422435,4.5212917
22.0,121.0,2021-12-01,2021-12-14,13,51,21.602295,22.743896,20.746077,76.53227,6.6931157,1.5833112
23.0,121.0,2021-12-01,2021-12-14,13,51,18.303907,20.21411,17.086855,80.29774,3.2674363,3.5285447
23.0,122.0,2021-12-01,2021-12-15,14,51,19.309784,20.201765,18.488735,77.428986,5.948539,4.1024146
22.0,121.0,2021-12-01,2021-12-15,14,51,21.511978,22.62487,20.68209,75.623344,6.4074874,1.5397469
23.0,121.0,2021-12-01,2021-12-15,14,51,18.140673,20.059507,16.946634,79.52598,3.0382023,3.0589175
22.0,122.0,2021-12-01,2021-12-15,14,51,22.683666,23.12502,22.137482,73.85233,9.376705,2.5859137
23.0,121.0,2021-12-01,2021-12-16,15,51,18.055897,20.103233,16.742188,79.23513,3.1848376,3.1947374
22.0,121.0,2021-12-01,2021-12-16,15,51,21.450872,22.694818,20.495747,75.38708,6.510014,1.5646228
23.0,122.0,2021-12-01,2021-12-16,15,51,19.253485,20.301031,18.312471,77.12863,6.215341,4.247949
22.0,122.0,2021-12-01,2021-12-16,15,51,22.65113,23.158644,22.017172,73.602776,9.600797,2.6210601
23.0,122.0,2021-12-01,2021-12-17,16,51,18.810915,19.75757,17.896097,76.88423,6.7874374,3.9589472
23.0,121.0,2021-12-01,2021-12-17,16,51,17.668076,19.553497,16.352236,78.46176,3.4780872,3.0038896
22.0,122.0,2021-12-01,2021-12-17,16,51,22.29508,22.822323,21.673615,73.57504,10.547585,2.4857965
22.0,121.0,2021-12-01,2021-12-17,16,51,21.149792,22.290407,20.192177,74.8684,7.1990123,1.5269474
23.0,122.0,2021-12-01,2021-12-18,17,51,18.943108,19.866737,18.144741,76.53229,6.328831,3.784116
22.0,122.0,2021-12-01,2021-12-18,17,51,22.443426,22.949429,21.891449,72.72341,10.143314,2.3774743
22.0,121.0,2021-12-01,2021-12-18,17,51,21.229155,22.35409,20.381989,74.17262,6.963491,1.2999903
23.0,121.0,2021-12-01,2021-12-18,17,51,17.73156,19.642548,16.585396,78.30814,3.211729,2.711026
22.0,122.0,2021-12-01,2021-12-19,18,51,22.664448,23.134163,22.059673,73.36404,9.780381,2.5852036
23.0,121.0,2021-12-01,2021-12-19,18,51,17.944601,19.95545,16.696917,79.09654,3.0970197,3.1318932
23.0,122.0,2021-12-01,2021-12-19,18,51,19.173311,20.126991,18.29484,77.249374,6.142905,4.2389874
22.0,121.0,2021-12-01,2021-12-19,18,51,21.433088,22.701492,20.516197,74.8773,6.6692214,1.4737432
23.0,121.0,2021-12-01,2021-12-20,19,51,17.995691,19.959345,16.778143,79.35635,3.1511035,3.123902
23.0,122.0,2021-12-01,2021-12-20,19,51,19.203234,20.203987,18.342651,77.77277,6.1845717,4.332422
22.0,122.0,2021-12-01,2021-12-20,19,51,22.651623,23.193539,22.064062,74.055,9.7862835,3.1315498
22.0,121.0,2021-12-01,2021-12-20,19,51,21.441229,22.568687,20.584711,75.31698,6.6697063,1.9182141
22.0,122.0,2021-12-01,2021-12-21,20,51,22.53406,23.016989,21.993683,74.55241,9.874878,3.2162714
22.0,121.0,2021-12-01,2021-12-21,20,51,21.351572,22.501436,20.43274,75.80102,6.6655655,2.4263866
23.0,122.0,2021-12-01,2021-12-21,20,51,19.038776,19.998405,18.189407,78.30971,6.2267523,4.4181447
23.0,121.0,2021-12-01,2021-12-21,20,51,17.859043,19.846756,16.56448,79.877525,3.1152458,3.635075
23.0,121.0,2021-12-01,2021-12-22,21,51,17.833338,19.811531,16.643854,79.9349,3.129598,4.644312
23.0,122.0,2021-12-01,2021-12-22,21,51,18.98758,19.962357,18.15958,78.8339,6.019734,6.0607433
22.0,121.0,2021-12-01,2021-12-22,21,51,21.26165,22.42401,20.411587,76.3918,6.4208236,3.6470582
22.0,122.0,2021-12-01,2021-12-22,21,51,22.418371,22.869501,21.893864,75.552444,9.415461,5.067688
22.0,122.0,2021-12-01,2021-12-23,22,51,22.247768,22.770102,21.708853,75.46715,9.794496,4.5845623
23.0,121.0,2021-12-01,2021-12-23,22,51,17.786886,19.785816,16.550703,79.68058,3.2798405,4.2054577
23.0,122.0,2021-12-01,2021-12-23,22,51,18.897179,19.81961,18.035883,78.60488,6.3407545,5.6106677
22.0,121.0,2021-12-01,2021-12-23,22,51,21.135199,22.27032,20.28382,76.304924,6.6247554,3.1785748
23.0,121.0,2021-12-01,2021-12-24,23,51,17.945356,19.783188,16.830347,80.13676,3.117031,5.3791595
22.0,122.0,2021-12-01,2021-12-24,23,51,22.494339,22.984375,21.925314,74.72342,9.508575,5.88761
22.0,121.0,2021-12-01,2021-12-24,23,51,21.301085,22.373222,20.472668,76.22555,6.4903727,3.4589272
23.0,122.0,2021-12-01,2021-12-24,23,51,19.136084,20.08329,18.318039,78.34273,6.04448,7.7985373
22.0,121.0,2021-12-01,2021-12-25,24,51,21.6023,22.649633,20.756157,76.88877,6.139074,2.9192567
22.0,122.0,2021-12-01,2021-12-25,24,51,22.76924,23.25419,22.186686,75.63532,9.174899,5.422877
23.0,122.0,2021-12-01,2021-12-25,24,51,19.44818,20.35501,18.565779,78.97677,5.8231955,7.6552415
23.0,121.0,2021-12-01,2021-12-25,24,51,18.283731,20.160372,17.067652,80.51897,2.8675983,5.163103
23.0,121.0,2021-12-01,2021-12-26,25,51,18.452047,20.341799,17.30378,81.16655,3.023137,5.2429075
22.0,121.0,2021-12-01,2021-12-26,25,51,21.742704,22.815918,20.919199,77.76991,6.085194,3.2314665
22.0,122.0,2021-12-01,2021-12-26,25,51,22.934189,23.415154,22.381197,76.40299,8.838897,4.616118
23.0,122.0,2021-12-01,2021-12-26,25,51,19.640984,20.589766,18.82944,79.52365,5.6904902,6.620284
23.0,122.0,2021-12-01,2021-12-27,26,51,19.512356,20.486158,18.644289,79.506805,6.2513857,6.6840043
23.0,121.0,2021-12-01,2021-12-27,26,51,18.356686,20.19135,17.16153,81.06965,3.2901633,5.1679425
22.0,121.0,2021-12-01,2021-12-27,26,51,21.646826,22.743853,20.784824,77.83826,6.500914,3.2954047
22.0,122.0,2021-12-01,2021-12-27,26,51,22.805141,23.353527,22.1809,76.51838,9.625452,4.818983
23.0,121.0,2021-12-01,2021-12-28,27,51,17.81715,19.593071,16.549067,80.36639,3.4191098,5.5318465
22.0,121.0,2021-12-01,2021-12-28,27,51,21.180122,22.22306,20.320826,77.22243,6.960653,4.2699013
22.0,122.0,2021-12-01,2021-12-28,27,51,22.326357,22.831074,21.765635,75.79147,10.348671,5.50361
23.0,122.0,2021-12-01,2021-12-28,27,51,18.960817,19.898293,18.045122,78.69497,6.7257524,6.7562532
22.0,122.0,2021-12-01,2021-12-29,28,51,22.109028,22.58123,21.600597,74.33234,10.130842,6.664583
22.0,121.0,2021-12-01,2021-12-29,28,51,20.936802,21.95923,20.154305,76.1406,6.8034706,4.975962
23.0,122.0,2021-12-01,2021-12-29,28,51,18.67418,19.568926,17.899721,77.85175,6.5091887,7.7917504
23.0,121.0,2021-12-01,2021-12-29,28,51,17.504663,19.225992,16.435461,79.93924,3.3137157,6.1102176
22.0,122.0,2021-12-01,2021-12-30,29,51,21.93253,22.48786,21.32354,73.57076,9.971304,5.0925865
23.0,122.0,2021-12-01,2021-12-30,29,51,18.494087,19.392063,17.637533,77.2165,6.515783,6.023752
23.0,121.0,2021-12-01,2021-12-30,29,51,17.297663,19.0469,16.120804,79.50415,3.4028993,4.442112
22.0,121.0,2021-12-01,2021-12-30,29,51,20.733528,21.709658,19.88901,75.52963,6.770283,3.50465
23.0,122.0,2021-12-01,2021-12-31,30,51,18.41333,19.253748,17.683273,76.44421,6.1064315,6.0886745
22.0,122.0,2021-12-01,2021-12-31,30,51,21.898071,22.329983,21.41401,72.68155,9.634382,5.1357093
22.0,121.0,2021-12-01,2021-12-31,30,51,20.650513,21.637732,19.840296,74.54677,6.5660186,2.8529122
23.0,121.0,2021-12-01,2021-12-31,30,51,17.16845,18.942719,16.044724,78.6412,3.1382985,3.8169084
22.0,122.0,2021-12-01,2022-01-01,31,51,22.065996,22.591782,21.512968,73.545105,8.656372,3.41602
23.0,122.0,2021-12-01,2022-01-01,31,51,18.684402,19.679438,17.819168,77.24289,5.4338336,5.2713084
23.0,121.0,2021-12-01,2022-01-01,31,51,17.448431,19.390007,16.197395,79.637726,2.961905,4.4888477
22.0,121.0,2021-12-01,2022-01-01,31,51,20.827261,21.966066,19.932573,75.59855,5.9706893,2.6330342
23.0,121.0,2021-12-01,2022-01-02,32,51,17.366478,19.409058,16.002886,79.52038,3.2488766,3.7308433
23.0,122.0,2021-12-01,2022-01-02,32,51,18.537003,19.672108,17.544205,77.823685,5.9617634,4.817657
22.0,121.0,2021-12-01,2022-01-02,32,51,20.709848,21.876247,19.744148,76.01978,6.180781,3.1462605
22.0,122.0,2021-12-01,2022-01-02,32,51,21.883074,22.485825,21.258942,74.60205,8.931904,4.2339168
22.0,122.0,2021-12-01,2022-01-03,33,51,21.771378,22.208189,21.26098,73.84605,9.39557,3.8334444
23.0,121.0,2021-12-01,2022-01-03,33,51,17.219332,19.031708,16.087038,79.375656,3.07826,4.489648
23.0,122.0,2021-12-01,2022-01-03,33,51,18.376575,19.271185,17.593287,77.31486,6.0921793,5.5341086
22.0,121.0,2021-12-01,2022-01-03,33,51,20.611788,21.609337,19.804409,75.5837,6.3137636,2.7887788
22.0,121.0,2021-12-01,2022-01-04,34,51,20.889627,22.000307,20.04433,76.140724,6.074824,3.3096256
22.0,122.0,2021-12-01,2022-01-04,34,51,22.097935,22.548256,21.606665,74.166504,8.785834,4.401042
23.0,122.0,2021-12-01,2022-01-04,34,51,18.66898,19.602758,17.865694,77.81835,5.619903,6.409948
23.0,121.0,2021-12-01,2022-01-04,34,51,17.463076,19.43588,16.272364,80.1378,3.0147262,5.31915
23.0,122.0,2021-12-01,2022-01-05,35,51,18.822432,19.766312,18.049353,79.18117,5.8167253,6.7616396
22.0,121.0,2021-12-01,2022-01-05,35,51,21.03107,22.14297,20.21091,77.237595,6.138784,2.9388282
23.0,121.0,2021-12-01,2022-01-05,35,51,17.633062,19.504284,16.48505,81.15912,3.0479534,4.990143
22.0,122.0,2021-12-01,2022-01-05,35,51,22.22277,22.631708,21.736933,75.56248,9.066982,4.7143626
22.0,121.0,2021-12-01,2022-01-06,36,51,21.00847,22.140966,20.129742,77.24758,5.9441504,2.6516726
23.0,121.0,2021-12-01,2022-01-06,36,51,17.620493,19.610415,16.455376,81.28312,2.8690112,4.5383015
22.0,122.0,2021-12-01,2022-01-06,36,51,22.208157,22.698645,21.653421,74.985176,8.732318,3.6618943
23.0,122.0,2021-12-01,2022-01-06,36,51,18.817808,19.787426,18.02682,78.67839,5.5566726,5.5466146
23.0,121.0,2021-12-01,2022-01-07,37,51,17.667002,19.707636,16.38888,81.00489,2.93617,5.184179
22.0,122.0,2021-12-01,2022-01-07,37,51,22.301489,22.774405,21.710033,75.86391,8.482343,4.440051
23.0,122.0,2021-12-01,2022-01-07,37,51,18.879313,19.922976,17.986298,79.25932,5.4956646,6.603116
22.0,121.0,2021-12-01,2022-01-07,37,51,21.086777,22.306408,20.156607,77.31409,5.7960205,3.0200486
22.0,121.0,2021-12-01,2022-01-08,38,51,20.834452,21.994701,19.902777,77.4658,6.0263577,2.8069668
23.0,122.0,2021-12-01,2022-01-08,38,51,18.658829,19.765745,17.71453,78.981606,5.7262864,5.433949
22.0,122.0,2021-12-01,2022-01-08,38,51,22.04609,22.553064,21.445896,75.55591,8.861456,3.493838
23.0,121.0,2021-12-01,2022-01-08,38,51,17.449589,19.524006,16.10778,81.212204,3.0401201,4.747902
23.0,122.0,2021-12-01,2022-01-09,39,51,18.555637,19.711344,17.523092,78.410805,5.761669,4.0439034
22.0,121.0,2021-12-01,2022-01-09,39,51,20.709116,21.922344,19.765736,76.314644,5.886306,1.8839445
23.0,121.0,2021-12-01,2022-01-09,39,51,17.334574,19.489058,15.97511,79.977264,3.0940738,3.0350657
22.0,122.0,2021-12-01,2022-01-09,39,51,21.932562,22.491919,21.3012,75.044136,8.661466,2.894352
23.0,121.0,2021-12-01,2022-01-10,40,51,17.118448,19.096998,15.830892,80.24218,3.2924218,4.497958
22.0,121.0,2021-12-01,2022-01-10,40,51,20.51493,21.631851,19.619967,76.65466,5.992074,2.4623873
22.0,122.0,2021-12-01,2022-01-10,40,51,21.70307,22.221167,21.116951,75.80151,9.043021,3.5703597
23.0,122.0,2021-12-01,2022-01-10,40,51,18.30417,19.291113,17.408178,79.143,6.2121253,5.605136
23.0,122.0,2021-12-01,2022-01-11,41,51,18.101202,19.104895,17.19688,78.27215,6.3199916,6.0707097
22.0,122.0,2021-12-01,2022-01-11,41,51,21.527456,22.040077,20.941982,75.56293,9.483555,4.3904114
22.0,121.0,2021-12-01,2022-01-11,41,51,20.34863,21.394186,19.474918,76.927345,6.3474045,2.8917956
23.0,121.0,2021-12-01,2022-01-11,41,51,16.92461,18.831358,15.666301,79.88603,3.2770717,4.574003
23.0,121.0,2021-12-01,2022-01-12,42,51,17.117441,19.168463,15.8316145,80.001854,2.917188,4.61354
22.0,121.0,2021-12-01,2022-01-12,42,51,20.537281,21.66088,19.633057,76.37156,6.0464644,2.6936262
22.0,122.0,2021-12-01,2022-01-12,42,51,21.733877,22.19233,21.166288,74.41758,8.810294,3.4599879
23.0,122.0,2021-12-01,2022-01-12,42,51,18.311743,19.318262,17.413885,77.71322,5.5938764,5.3798094
23.0,122.0,2021-12-01,2022-01-13,43,51,18.604723,19.58168,17.735167,78.19176,5.3740196,6.6202483
22.0,122.0,2021-12-01,2022-01-13,43,51,22.035099,22.488203,21.468325,74.5473,8.484118,4.8771944
23.0,121.0,2021-12-01,2022-01-13,43,51,17.399675,19.387466,16.194386,80.4186,2.787116,5.03614
22.0,121.0,2021-12-01,2022-01-13,43,51,20.827974,21.981546,19.959011,76.432045,5.7810154,3.289065
22.0,121.0,2021-12-01,2022-01-14,44,51,20.763628,21.994884,19.813318,76.56942,6.203009,2.50899
23.0,121.0,2021-12-01,2022-01-14,44,51,17.433853,19.542841,16.112068,79.71355,3.0985222,4.453083
22.0,122.0,2021-12-01,2022-01-14,44,51,21.862114,22.457361,21.209333,75.16756,9.186282,3.257605
23.0,122.0,2021-12-01,2022-01-14,44,51,18.530375,19.597086,17.596783,78.05307,6.012005,5.200316
23.0,122.0,2021-12-01,2022-01-15,45,51,18.348032,19.28758,17.452103,78.20858,5.838588,6.1349597
22.0,122.0,2021-12-01,2022-01-15,45,51,21.744,22.281858,21.13773,74.82749,9.05852,4.409987
23.0,121.0,2021-12-01,2022-01-15,45,51,17.19641,19.069944,16.01619,80.346565,3.0179172,5.248922
22.0,121.0,2021-12-01,2022-01-15,45,51,20.59006,21.680962,19.730068,76.67119,6.1043115,3.5242662
22.0,121.0,2021-12-01,2022-01-16,46,51,20.75449,21.872622,19.852287,76.7281,5.8482614,3.0830126
23.0,121.0,2021-12-01,2022-01-16,46,51,17.369047,19.375582,16.047243,80.38336,2.8444147,4.9912767
22.0,122.0,2021-12-01,2022-01-16,46,51,21.970543,22.456884,21.39458,74.71633,8.449622,3.8306372
23.0,122.0,2021-12-01,2022-01-16,46,51,18.5827,19.610235,17.635244,78.03537,5.375328,5.7380214
22.0,122.0,2021-12-01,2022-01-17,47,51,21.97507,22.486265,21.390055,75.60378,8.681818,5.766061
23.0,122.0,2021-12-01,2022-01-17,47,51,18.589165,19.591375,17.712296,78.93763,5.718421,8.388722
23.0,121.0,2021-12-01,2022-01-17,47,51,17.416464,19.293657,16.21485,81.18219,2.9844983,7.326534
22.0,121.0,2021-12-01,2022-01-17,47,51,20.800135,21.904924,19.92766,77.53962,5.8161154,4.703892
22.0,121.0,2021-12-01,2022-01-18,48,51,20.565435,21.609627,19.664816,77.79948,5.874093,4.1295652
23.0,121.0,2021-12-01,2022-01-18,48,51,17.17885,18.984602,15.945389,81.238014,3.0537896,5.6265163
22.0,122.0,2021-12-01,2022-01-18,48,51,21.66746,22.26647,20.997309,76.19804,8.636751,6.343417
23.0,122.0,2021-12-01,2022-01-18,48,51,18.27866,19.272976,17.33102,79.35292,5.68226,7.836516
23.0,122.0,2021-12-01,2022-01-19,49,51,18.202616,19.161093,17.298103,79.214294,5.6509137,5.9575953
22.0,122.0,2021-12-01,2022-01-19,49,51,21.594593,22.111177,21.014395,75.997284,8.770644,3.7920065
23.0,121.0,2021-12-01,2022-01-19,49,51,17.10386,18.902416,15.853578,80.89725,2.9690719,4.685843
22.0,121.0,2021-12-01,2022-01-19,49,51,20.493935,21.59008,19.623552,77.42891,5.978317,2.5169067
22.0,121.0,2021-12-01,2022-01-20,50,51,20.63522,21.706064,19.809092,77.331215,5.681216,2.347084
23.0,121.0,2021-12-01,2022-01-20,50,51,17.260693,19.159784,16.063534,80.801414,2.8606873,4.3993335
22.0,122.0,2021-12-01,2022-01-20,50,51,21.764854,22.27384,21.18452,75.21767,8.410832,3.3354635
23.0,122.0,2021-12-01,2022-01-20,50,51,18.38849,19.402737,17.528082,78.36021,5.513129,5.3867617
22.0,121.0,2021-12-01,2022-01-21,51,51,20.666916,21.717152,19.808273,77.122665,5.9937024,2.0234566
23.0,122.0,2021-12-01,2022-01-21,51,51,18.384794,19.410595,17.48124,78.44911,5.905739,5.0769906
22.0,122.0,2021-12-01,2022-01-21,51,51,21.754501,22.273584,21.18506,75.20541,8.82028,2.899154
23.0,121.0,2021-12-01,2022-01-21,51,51,17.299017,19.24879,16.048594,80.67943,3.1532967,4.204529
22.0,122.0,2021-12-01,2022-01-22,52,51,21.806572,22.29991,21.197706,75.38586,8.752388,4.9143167
22.0,121.0,2021-12-01,2022-01-22,52,51,20.699986,21.829517,19.819231,77.14377,6.0221753,3.7195122
23.0,121.0,2021-12-01,2022-01-22,52,51,17.34247,19.361956,16.057259,80.67466,3.0319707,5.803216
23.0,122.0,2021-12-01,2022-01-22,52,51,18.44722,19.527748,17.49374,78.59642,5.701178,6.998019
22.0,122.0,2021-12-01,2022-01-23,53,51,21.62224,22.11364,21.060564,75.77838,8.885047,4.101373
23.0,121.0,2021-12-01,2022-01-23,53,51,17.105892,19.037998,15.88299,81.04012,3.2040334,6.9862933
23.0,122.0,2021-12-01,2022-01-23,53,51,18.202326,19.222862,17.311897,79.56309,5.8741975,7.6554017
22.0,121.0,2021-12-01,2022-01-23,53,51,20.523962,21.673296,19.66437,77.00574,6.118553,3.4358578
23.0,121.0,2021-12-01,2022-01-24,54,51,16.984339,19.06351,15.716074,80.48728,3.044807,4.122545
22.0,122.0,2021-12-01,2022-01-24,54,51,21.447432,21.960054,20.865486,75.51884,8.741902,2.1358905
22.0,121.0,2021-12-01,2022-01-24,54,51,20.370733,21.55958,19.448122,76.872795,5.970518,1.5948758
23.0,122.0,2021-12-01,2022-01-24,54,51,18.059269,19.074738,17.18534,78.83636,5.728161,4.664307
23.0,122.0,2021-12-01,2022-01-25,55,51,18.200293,19.223017,17.3133,77.92338,5.4391847,5.0927987
22.0,122.0,2021-12-01,2022-01-25,55,51,21.55376,21.996494,20.996254,74.25393,8.308178,2.4526386
22.0,121.0,2021-12-01,2022-01-25,55,51,20.493155,21.616604,19.651922,76.31622,5.770414,1.9146727
23.0,121.0,2021-12-01,2022-01-25,55,51,17.141245,19.17534,15.912832,80.337555,2.9211974,4.5542364
22.0,121.0,2021-12-01,2022-01-26,56,51,20.622221,21.695723,19.743298,76.813835,5.755956,2.1700625
23.0,122.0,2021-12-01,2022-01-26,56,51,18.318811,19.345636,17.418491,78.43928,5.475905,4.9915543
23.0,121.0,2021-12-01,2022-01-26,56,51,17.259352,19.259718,16.00229,80.41129,2.9629235,4.3065543
22.0,122.0,2021-12-01,2022-01-26,56,51,21.683193,22.134617,21.128628,75.14418,8.394722,2.8536985
22.0,121.0,2021-12-01,2022-01-27,57,51,20.548079,21.735453,19.56402,77.67523,6.185357,2.7693996
23.0,121.0,2021-12-01,2022-01-27,57,51,17.139153,19.175287,15.745773,81.06533,3.2221413,5.048851
23.0,122.0,2021-12-01,2022-01-27,57,51,18.152847,19.26202,17.119923,79.66141,6.058329,5.744173
22.0,122.0,2021-12-01,2022-01-27,57,51,21.563177,22.087967,20.900167,76.5063,9.0861025,3.4674706
23.0,121.0,2021-12-01,2022-01-28,58,51,17.022156,18.91266,15.797327,80.392494,2.9927626,4.3206825
22.0,121.0,2021-12-01,2022-01-28,58,51,20.416136,21.509127,19.539286,76.785774,5.9766235,2.7103755
23.0,122.0,2021-12-01,2022-01-28,58,51,18.06371,19.05698,17.175745,78.53819,5.706661,5.4484863
22.0,122.0,2021-12-01,2022-01-28,58,51,21.45915,21.951746,20.894806,75.206276,8.74648,3.8436031
22.0,121.0,2021-12-01,2022-01-29,59,51,20.622257,21.691772,19.749847,77.07374,5.9007387,2.192637
23.0,122.0,2021-12-01,2022-01-29,59,51,18.233881,19.2014,17.350664,78.841324,5.7286143,6.219779
22.0,122.0,2021-12-01,2022-01-29,59,51,21.687517,22.193228,21.082762,75.08743,8.7066965,2.6953902
23.0,121.0,2021-12-01,2022-01-29,59,51,17.170076,19.062902,15.987712,81.15601,2.948054,5.716219
23.0,122.0,2021-12-01,2022-01-30,60,51,18.48608,19.468428,17.550182,78.7828,5.467473,7.2017183
22.0,121.0,2021-12-01,2022-01-30,60,51,20.78508,21.938486,19.863796,77.05322,5.773858,3.149386
23.0,121.0,2021-12-01,2022-01-30,60,51,17.389612,19.364214,16.141092,81.602005,2.909479,6.609356
22.0,122.0,2021-12-01,2022-01-30,60,51,21.883076,22.383564,21.237755,74.59581,8.45314,3.7400866
23.0,122.0,2021-12-01,2022-01-31,61,51,18.24571,19.347984,17.365433,79.51031,6.070416,6.6866164
23.0,121.0,2021-12-01,2022-01-31,61,51,17.280827,19.27581,16.006472,81.347305,3.2073762,5.7402163
22.0,121.0,2021-12-01,2022-01-31,61,51,20.616049,21.766047,19.748508,77.505394,6.2116256,3.5860183
22.0,122.0,2021-12-01,2022-01-31,61,51,21.58211,22.055729,21.06885,75.92367,9.094217,4.53425
23.0,121.0,2021-12-01,2022-02-01,62,51,17.173544,19.104813,15.903206,81.22214,2.8711634,4.862756
23.0,122.0,2021-12-01,2022-02-01,62,51,18.214577,19.21264,17.295279,79.19474,5.458383,6.413616
22.0,122.0,2021-12-01,2022-02-01,62,51,21.577412,22.086845,20.939154,75.44059,8.318799,4.395041
22.0,121.0,2021-12-01,2022-02-01,62,51,20.534994,21.659712,19.634825,77.18035,5.6189814,2.8407395
22.0,122.0,2021-12-01,2022-02-02,63,51,21.40235,21.930899,20.824274,75.75214,8.650553,3.313678
22.0,121.0,2021-12-01,2022-02-02,63,51,20.396626,21.570381,19.473606,77.28177,5.8018446,2.4421687
23.0,122.0,2021-12-01,2022-02-02,63,51,18.054756,19.110935,17.156193,79.16763,5.797684,5.540077
23.0,121.0,2021-12-01,2022-02-02,63,51,17.050343,19.046404,15.738877,80.97348,3.0977821,4.671149
23.0,122.0,2021-12-01,2022-02-03,64,51,17.913612,18.864275,17.045637,78.61916,5.9143467,4.789258
22.0,122.0,2021-12-01,2022-02-03,64,51,21.234715,21.728378,20.650043,75.27107,9.083937,2.865716
23.0,121.0,2021-12-01,2022-02-03,64,51,16.972626,18.944695,15.79311,80.24413,3.0831602,4.082941
22.0,121.0,2021-12-01,2022-02-03,64,51,20.292677,21.384228,19.43714,76.633606,6.1880603,2.1587255
22.0,121.0,2021-12-01,2022-02-04,65,51,20.51013,21.712292,19.531496,76.013626,5.9768767,1.6716357
23.0,121.0,2021-12-01,2022-02-04,65,51,17.217016,19.340881,15.842033,79.73974,3.0150878,4.0754538
22.0,122.0,2021-12-01,2022-02-04,65,51,21.50272,22.018286,20.891571,74.09658,8.506559,1.9139423
23.0,122.0,2021-12-01,2022-02-04,65,51,18.20854,19.32868,17.236095,77.504745,5.507594,4.3192954
22.0,121.0,2021-12-01,2022-02-05,66,51,20.471296,21.585268,19.484734,76.7664,5.8256674,2.5008872
23.0,121.0,2021-12-01,2022-02-05,66,51,17.129616,19.010393,15.818415,80.70538,3.1158938,5.7180624
22.0,122.0,2021-12-01,2022-02-05,66,51,21.440493,22.084326,20.71732,75.00226,8.420449,2.7074435
23.0,122.0,2021-12-01,2022-02-05,66,51,18.09739,19.155855,17.086174,78.6495,5.5822473,5.9285445
23.0,122.0,2021-12-01,2022-02-06,67,51,17.979937,19.003595,17.138062,78.97767,5.6987896,5.920396
22.0,122.0,2021-12-01,2022-02-06,67,51,21.296698,21.751688,20.773308,75.23773,8.549181,2.8157952
23.0,121.0,2021-12-01,2022-02-06,67,51,17.004673,18.980795,15.817744,80.828804,3.0737634,5.8269377
22.0,121.0,2021-12-01,2022-02-06,67,51,20.320099,21.42578,19.516497,76.80946,5.8616524,2.7249157
22.0,121.0,2021-12-01,2022-02-07,68,51,20.212702,21.323769,19.360773,77.370995,5.485135,3.0700989
23.0,121.0,2021-12-01,2022-02-07,68,51,16.943247,18.850166,15.734629,81.12287,3.0441415,6.4283385
22.0,122.0,2021-12-01,2022-02-07,68,51,21.138021,21.557531,20.582678,76.23786,8.111096,3.8224535
23.0,122.0,2021-12-01,2022-02-07,68,51,17.867296,18.869879,16.975304,79.760445,5.601885,7.1823034
23.0,122.0,2021-12-01,2022-02-08,69,51,17.536873,18.531494,16.6015,79.08554,6.064432,5.5697165
22.0,122.0,2021-12-01,2022-02-08,69,51,20.819466,21.327343,20.203735,76.13233,8.858987,2.878335
23.0,121.0,2021-12-01,2022-02-08,69,51,16.636116,18.515034,15.369768,80.23626,3.1865754,5.16906
22.0,121.0,2021-12-01,2022-02-08,69,51,19.91761,21.028744,19.01756,77.091156,5.9313326,2.4807436
22.0,121.0,2021-12-01,2022-02-09,70,51,19.830639,20.85533,19.025253,75.131714,5.9184175,1.3523349
23.0,121.0,2021-12-01,2022-02-09,70,51,16.501528,18.431122,15.304278,78.700195,3.0644257,3.7933667
22.0,122.0,2021-12-01,2022-02-09,70,51,20.697021,21.150213,20.168901,73.62599,8.806722,1.7366925
23.0,122.0,2021-12-01,2022-02-09,70,51,17.36716,18.369677,16.564697,76.906204,5.920685,4.1794367
23.0,122.0,2021-12-01,2022-02-10,71,51,17.671148,18.706581,16.823826,75.90679,5.07925,4.2749157
22.0,122.0,2021-12-01,2022-02-10,71,51,20.972073,21.438108,20.450005,71.8387,7.9230576,1.8256711
23.0,121.0,2021-12-01,2022-02-10,71,51,16.755123,18.778303,15.56564,78.71786,2.7035866,3.7347999
22.0,121.0,2021-12-01,2022-02-10,71,51,20.055422,21.172417,19.225876,74.2591,5.4826593,1.2850924
22.0,121.0,2021-12-01,2022-02-11,72,51,20.324753,21.553677,19.375734,75.15283,5.435517,1.3703119
23.0,121.0,2021-12-01,2022-02-11,72,51,17.09008,19.323626,15.721082,78.96859,2.761976,3.4394164
22.0,122.0,2021-12-01,2022-02-11,72,51,21.223017,21.701256,20.627092,73.63558,7.9071136,2.1728964
23.0,122.0,2021-12-01,2022-02-11,72,51,17.987635,19.146862,17.035435,77.15579,5.1896853,4.241701
22.0,121.0,2021-12-01,2022-02-12,73,51,20.392576,21.632622,19.487343,76.58993,5.5786643,2.031557
23.0,122.0,2021-12-01,2022-02-12,73,51,18.05248,19.210028,17.083672,78.33733,5.416791,4.9862604
23.0,121.0,2021-12-01,2022-02-12,73,51,17.176403,19.371357,15.833743,79.922386,2.8279228,4.5369496
22.0,122.0,2021-12-01,2022-02-12,73,51,21.269268,21.74506,20.680954,75.267006,8.166242,2.4815772
22.0,121.0,2021-12-01,2022-02-13,74,51,20.423027,21.509388,19.547474,76.66111,5.733319,1.9285561
23.0,122.0,2021-12-01,2022-02-13,74,51,18.08139,19.120953,17.185116,78.159004,5.4327583,4.704233
22.0,122.0,2021-12-01,2022-02-13,74,51,21.312704,21.764294,20.720694,74.975334,8.324391,2.3675458
23.0,121.0,2021-12-01,2022-02-13,74,51,17.192339,19.111696,15.9469185,80.11182,2.9191883,4.263823
23.0,121.0,2021-12-01,2022-02-14,75,51,17.436184,19.463257,16.21798,80.31365,2.725645,4.816225
22.0,122.0,2021-12-01,2022-02-14,75,51,21.560053,22.043125,20.980667,75.71324,8.030435,2.4330864
23.0,122.0,2021-12-01,2022-02-14,75,51,18.32235,19.353565,17.44852,78.77109,5.139082,5.173424
22.0,121.0,2021-12-01,2022-02-14,75,51,20.673038,21.88252,19.805044,76.99997,5.4985948,2.0770845
23.0,122.0,2021-12-01,2022-02-15,76,51,18.575216,19.687454,17.657492,79.44785,5.027738,7.213571
23.0,121.0,2021-12-01,2022-02-15,76,51,17.66806,19.676397,16.4039,81.31831,2.746593,6.9916844
22.0,122.0,2021-12-01,2022-02-15,76,51,21.743689,22.294458,21.13395,76.06204,7.717041,4.5404816
22.0,121.0,2021-12-01,2022-02-15,76,51,20.835573,22.025335,19.934721,77.65586,5.3030715,4.320387
22.0,122.0,2021-12-01,2022-02-16,77,51,21.703386,22.21765,21.10283,76.660446,7.9623113,3.3039837
23.0,122.0,2021-12-01,2022-02-16,77,51,18.548773,19.633808,17.653976,79.69411,5.266255,5.8689947
23.0,121.0,2021-12-01,2022-02-16,77,51,17.68836,19.768696,16.422728,81.071106,2.7880793,5.507122
22.0,121.0,2021-12-01,2022-02-16,77,51,20.842154,22.082031,19.919092,77.79714,5.3993993,2.9418886
23.0,121.0,2021-12-01,2022-02-17,78,51,17.490276,19.642231,16.132004,79.92328,2.8721912,4.154976
22.0,121.0,2021-12-01,2022-02-17,78,51,20.63526,21.848454,19.69879,76.851006,5.7891846,1.9833648
23.0,122.0,2021-12-01,2022-02-17,78,51,18.287905,19.47482,17.353506,78.3246,5.5859427,4.368674
22.0,122.0,2021-12-01,2022-02-17,78,51,21.433386,21.920938,20.871082,75.51387,8.522109,2.1964676
22.0,122.0,2021-12-01,2022-02-18,79,51,21.493786,21.945799,20.966064,75.11279,8.116731,1.4557148
23.0,122.0,2021-12-01,2022-02-18,79,51,18.36907,19.47624,17.435572,78.462265,5.420919,4.264191
22.0,121.0,2021-12-01,2022-02-18,79,51,20.741653,21.946712,19.836077,76.50264,5.615904,1.5452094
23.0,121.0,2021-12-01,2022-02-18,79,51,17.61703,19.804857,16.261148,80.11116,2.8562808,4.3531637
23.0,121.0,2021-12-01,2022-02-19,80,51,17.740526,19.95531,16.344147,81.0003,2.7885146,6.3866844
23.0,122.0,2021-12-01,2022-02-19,80,51,18.550404,19.75169,17.561924,79.73741,5.3785768,6.094936
22.0,121.0,2021-12-01,2022-02-19,80,51,20.864475,22.110083,19.924065,77.79241,5.407172,3.4211318
22.0,122.0,2021-12-01,2022-02-19,80,51,21.674732,22.205015,21.013186,76.76995,8.07657,3.1271749
23.0,122.0,2021-12-01,2022-02-20,81,51,18.287048,19.36486,17.340397,79.854385,5.6403637,5.589512
23.0,121.0,2021-12-01,2022-02-20,81,51,17.4463,19.452015,16.129969,81.13162,2.9320717,5.327197
22.0,122.0,2021-12-01,2022-02-20,81,51,21.427916,21.952969,20.832432,76.94798,8.464478,2.6012964
22.0,121.0,2021-12-01,2022-02-20,81,51,20.58646,21.727222,19.661238,77.98042,5.7618546,2.3400273
23.0,122.0,2021-12-01,2022-02-21,82,51,18.143814,19.25396,17.309874,78.753685,5.528674,4.7697945
22.0,121.0,2021-12-01,2022-02-21,82,51,20.548883,21.747137,19.66395,76.612854,5.644555,1.5891196
23.0,121.0,2021-12-01,2022-02-21,82,51,17.387081,19.519138,16.077208,80.17693,2.9731395,4.5553474
22.0,122.0,2021-12-01,2022-02-21,82,51,21.305874,21.702599,20.83863,75.470665,8.224277,1.8020699
22.0,122.0,2021-12-01,2022-02-22,83,51,21.234222,21.663574,20.728983,75.257256,8.559744,3.1597784
23.0,122.0,2021-12-01,2022-02-22,83,51,18.079233,19.130926,17.282892,78.558464,5.6308975,5.6389866
22.0,121.0,2021-12-01,2022-02-22,83,51,20.512444,21.650578,19.678064,76.34399,5.917948,2.5151613
23.0,121.0,2021-12-01,2022-02-22,83,51,17.357576,19.345364,16.165205,79.8845,3.0441227,4.9939294
22.0,121.0,2021-12-01,2022-02-23,84,51,20.717216,21.909805,19.831326,76.05436,5.2137218,1.5164938
23.0,121.0,2021-12-01,2022-02-23,84,51,17.634455,19.882166,16.29267,79.49808,2.5781496,3.3193862
23.0,122.0,2021-12-01,2022-02-23,84,51,18.438595,19.594913,17.535276,77.97782,4.825819,4.465476
22.0,122.0,2021-12-01,2022-02-23,84,51,21.521702,21.916393,20.989702,74.82756,7.5191083,2.6644204
22.0,122.0,2021-12-01,2022-02-24,85,51,21.783842,22.299213,21.172197,75.537476,7.336888,1.9537377
23.0,122.0,2021-12-01,2022-02-24,85,51,18.735739,20.03314,17.762045,78.68988,4.912622,4.804815
23.0,121.0,2021-12-01,2022-02-24,85,51,17.973577,20.384039,16.58163,80.243835,2.6114762,4.7161756
22.0,121.0,2021-12-01,2022-02-24,85,51,21.021387,22.399693,20.046133,76.79168,5.0067186,1.8676804
22.0,121.0,2021-12-01,2022-02-25,86,51,20.95226,22.163088,20.011276,77.28466,5.365671,2.529668
23.0,121.0,2021-12-01,2022-02-25,86,51,17.93407,20.027658,16.60377,80.519035,2.8161132,5.1415763
23.0,122.0,2021-12-01,2022-02-25,86,51,18.636389,19.755785,17.680658,78.9715,5.1858234,4.952261
22.0,122.0,2021-12-01,2022-02-25,86,51,21.654697,22.16026,21.05448,76.00407,7.7635174,2.3382635
22.0,122.0,2021-12-01,2022-02-26,87,51,21.496214,21.973904,20.971172,75.014114,8.069221,1.8125676
23.0,122.0,2021-12-01,2022-02-26,87,51,18.449512,19.592716,17.532402,78.039185,5.3633256,3.8443806
22.0,121.0,2021-12-01,2022-02-26,87,51,20.815765,22.043825,19.90964,76.10031,5.4899883,1.5047008
23.0,121.0,2021-12-01,2022-02-26,87,51,17.769026,19.91938,16.36574,79.3747,2.833328,3.5381591
23.0,121.0,2021-12-01,2022-02-27,88,51,17.984594,20.341433,16.621065,79.27091,2.6235647,2.9917145
22.0,121.0,2021-12-01,2022-02-27,88,51,20.970589,22.275194,20.07291,75.96287,5.264017,1.1342591
23.0,122.0,2021-12-01,2022-02-27,88,51,18.677933,19.894632,17.736599,77.60944,4.8190475,3.0838678
22.0,122.0,2021-12-01,2022-02-27,88,51,21.663862,22.119936,21.108822,74.567696,7.497129,1.2266384
22.0,122.0,2021-12-01,2022-02-28,89,51,21.981201,22.46392,21.364273,76.155495,7.3768764,1.5698783
23.0,122.0,2021-12-01,2022-02-28,89,51,19.074959,20.37399,18.051117,78.7984,4.835749,3.5854242
22.0,121.0,2021-12-01,2022-02-28,89,51,21.324722,22.645258,20.321892,76.96618,5.112028,1.2830651
23.0,121.0,2021-12-01,2022-02-28,89,51,18.418398,20.833616,16.962505,79.878624,2.6270478,3.2993977
23.0,121.0,2021-12-01,2022-03-01,90,51,18.361692,20.651678,16.850592,80.146965,2.651888,4.1528897
22.0,121.0,2021-12-01,2022-03-01,90,51,21.303799,22.585775,20.31696,77.39247,5.2140837,2.1766531
23.0,122.0,2021-12-01,2022-03-01,90,51,18.984964,20.209122,17.942513,79.15776,4.8376875,4.601528
22.0,122.0,2021-12-01,2022-03-01,90,51,21.926872,22.443089,21.325483,76.62178,7.4706445,2.6243193
22.0,122.0,2021-12-01,2022-03-02,91,51,22.063482,22.567446,21.448608,77.87822,7.7819395,1.8502365
23.0,122.0,2021-12-01,2022-03-02,91,51,19.039564,20.24455,18.001837,80.32342,5.0751586,4.102179
22.0,121.0,2021-12-01,2022-03-02,91,51,21.41364,22.693865,20.410887,78.28926,5.418031,1.7576358
23.0,121.0,2021-12-01,2022-03-02,91,51,18.38987,20.628725,16.906914,80.94294,2.7199416,4.0077095
23.0,121.0,2021-12-01,2022-03-03,92,51,18.607058,20.792866,17.263195,81.451485,2.567958,4.4233027
22.0,121.0,2021-12-01,2022-03-03,92,51,21.579271,22.86443,20.64348,78.74291,5.2441516,1.8593434
22.0,122.0,2021-12-01,2022-03-03,92,51,22.172539,22.61825,21.653208,77.96083,7.5292177,2.0012407
23.0,122.0,2021-12-01,2022-03-03,92,51,19.200481,20.32937,18.320353,80.46605,4.846961,4.565868
23.0,122.0,2021-12-01,2022-03-04,93,51,19.360876,20.496151,18.394127,80.288475,5.048533,5.847522
22.0,122.0,2021-12-01,2022-03-04,93,51,22.2609,22.7404,21.687874,77.77371,7.514912,3.450207
22.0,121.0,2021-12-01,2022-03-04,93,51,21.665142,22.884974,20.772581,79.10557,5.1747856,3.3811657
23.0,121.0,2021-12-01,2022-03-04,93,51,18.764952,20.904333,17.411,81.84656,2.7676172,5.7770624
23.0,121.0,2021-12-01,2022-03-05,94,51,18.622665,20.841787,17.14701,81.31728,2.7386549,5.0075755
22.0,121.0,2021-12-01,2022-03-05,94,51,21.581955,22.865143,20.613045,79.060234,5.298739,2.7673395
22.0,122.0,2021-12-01,2022-03-05,94,51,22.215033,22.701258,21.614326,78.49702,7.6893883,3.5076897
23.0,122.0,2021-12-01,2022-03-05,94,51,19.255623,20.46225,18.254091,80.539856,5.0725255,5.7446756
22.0,122.0,2021-12-01,2022-03-06,95,51,22.27,22.726917,21.712635,78.914925,7.363032,2.6170926
23.0,122.0,2021-12-01,2022-03-06,95,51,19.336039,20.487352,18.367918,81.09881,4.9891453,4.5577564
22.0,121.0,2021-12-01,2022-03-06,95,51,21.663052,22.917902,20.690058,79.18973,5.0632725,2.378003
23.0,121.0,2021-12-01,2022-03-06,95,51,18.729065,20.906597,17.309586,81.577835,2.7295377,4.3219585
23.0,122.0,2021-12-01,2022-03-07,96,51,19.280247,20.580706,18.235771,79.88363,4.93434,3.663865
23.0,121.0,2021-12-01,2022-03-07,96,51,18.699577,21.013681,17.22215,80.59553,2.7007744,3.5199163
22.0,121.0,2021-12-01,2022-03-07,96,51,21.618433,22.962143,20.621939,77.94754,5.1069994,1.4809537
22.0,122.0,2021-12-01,2022-03-07,96,51,22.19921,22.6988,21.599434,77.46125,7.356589,1.6248331
22.0,121.0,2021-12-01,2022-03-08,97,51,21.31576,22.55328,20.368603,77.11202,5.658218,1.3293544
23.0,121.0,2021-12-01,2022-03-08,97,51,18.346321,20.457804,16.945602,80.24704,3.0325742,3.7066913
22.0,122.0,2021-12-01,2022-03-08,97,51,21.837881,22.34,21.253815,76.04672,8.277147,1.2548959
23.0,122.0,2021-12-01,2022-03-08,97,51,18.86884,20.056015,17.87705,78.95031,5.6675954,3.6335394
22.0,122.0,2021-12-01,2022-03-09,98,51,21.94747,22.375433,21.380447,75.67988,7.8201647,1.1817276
22.0,121.0,2021-12-01,2022-03-09,98,51,21.442043,22.598003,20.540545,76.73042,5.4915814,1.5335759
23.0,122.0,2021-12-01,2022-03-09,98,51,18.939508,20.00844,17.998253,78.728134,5.150667,3.7912023
23.0,121.0,2021-12-01,2022-03-09,98,51,18.433567,20.469564,17.11172,80.007515,2.8221738,4.142678
22.0,122.0,2021-12-01,2022-03-10,99,51,22.204874,22.748276,21.525112,76.85625,7.2751975,1.9071093
23.0,122.0,2021-12-01,2022-03-10,99,51,19.271053,20.47604,18.241001,79.79049,4.7478733,4.791051
22.0,121.0,2021-12-01,2022-03-10,99,51,21.667048,22.925684,20.711483,77.70967,5.0401406,2.0582707
23.0,121.0,2021-12-01,2022-03-10,99,51,18.733027,20.877148,17.398191,80.84763,2.5478225,4.941474
23.0,122.0,2021-12-01,2022-03-11,100,51,19.364506,20.464565,18.506594,79.27658,4.694655,3.6086144
22.0,122.0,2021-12-01,2022-03-11,100,51,22.211914,22.627832,21.661068,76.61595,7.390953,1.8017168
23.0,121.0,2021-12-01,2022-03-11,100,51,18.800219,20.822056,17.549658,80.76486,2.5124757,4.2246847
22.0,121.0,2021-12-01,2022-03-11,100,51,21.647837,22.759626,20.793858,77.88611,5.191995,2.4194725
22.0,121.0,2021-12-01,2022-03-12,101,51,21.842888,23.135593,20.953579,77.94774,4.9051595,1.9229538
23.0,121.0,2021-12-01,2022-03-12,101,51,19.026535,21.31545,17.61882,80.44258,2.395235,3.3131516
23.0,122.0,2021-12-01,2022-03-12,101,51,19.618668,20.902512,18.739378,79.174,4.5888343,3.370783
22.0,122.0,2021-12-01,2022-03-12,101,51,22.435043,22.856153,21.907686,76.91462,7.1189833,1.9821347
22.0,121.0,2021-12-01,2022-03-13,102,51,21.974634,23.331762,21.070395,77.54409,5.0514975,2.2189715
23.0,122.0,2021-12-01,2022-03-13,102,51,19.743423,21.03264,18.791803,79.28667,4.6552777,4.120037
22.0,122.0,2021-12-01,2022-03-13,102,51,22.534204,22.970537,22.031431,77.13361,7.256833,2.858315
23.0,121.0,2021-12-01,2022-03-13,102,51,19.183727,21.611832,17.73695,79.916664,2.4393466,3.4824212
22.0,122.0,2021-12-01,2022-03-14,103,51,22.645882,23.056282,22.13391,77.3688,7.201367,2.9139032
22.0,121.0,2021-12-01,2022-03-14,103,51,22.110806,23.45503,21.173347,77.71348,4.9958663,2.7129917
23.0,121.0,2021-12-01,2022-03-14,103,51,19.336807,21.718893,17.918486,80.31473,2.4240847,4.8205714
23.0,122.0,2021-12-01,2022-03-14,103,51,19.87201,21.07823,18.9769,79.7517,4.598487,5.018189
22.0,121.0,2021-12-01,2022-03-15,104,51,22.126139,23.43288,21.163048,77.79394,4.7500324,1.6487821
22.0,122.0,2021-12-01,2022-03-15,104,51,22.646055,23.11577,22.133736,77.0267,6.8596315,1.749851
23.0,122.0,2021-12-01,2022-03-15,104,51,19.942045,21.278286,18.953094,79.38986,4.4615974,3.2583606
23.0,121.0,2021-12-01,2022-03-15,104,51,19.422039,21.868475,17.894266,80.41369,2.357377,3.1566389
23.0,121.0,2021-12-01,2022-03-16,105,51,19.401995,21.813686,17.853945,80.08299,2.6462896,3.3015993
22.0,122.0,2021-12-01,2022-03-16,105,51,22.62082,23.130177,21.996382,77.09923,7.3285522,1.0241885
23.0,122.0,2021-12-01,2022-03-16,105,51,19.877468,21.224365,18.80874,79.453926,4.957701,3.35815
22.0,121.0,2021-12-01,2022-03-16,105,51,22.145584,23.49978,21.146675,77.514786,4.9941826,0.9685774
22.0,122.0,2021-12-01,2022-03-17,106,51,22.644417,23.0585,22.12233,77.773315,7.2262807,1.1747599
23.0,122.0,2021-12-01,2022-03-17,106,51,19.977482,21.215405,19.028404,79.96078,4.8733068,3.2141933
22.0,121.0,2021-12-01,2022-03-17,106,51,22.206915,23.502022,21.269737,78.056885,4.8418493,0.94026154
23.0,121.0,2021-12-01,2022-03-17,106,51,19.539587,21.862165,18.124884,80.45385,2.4968746,2.9806752
22.0,122.0,2021-12-01,2022-03-18,107,51,22.76271,23.185453,22.237156,77.313866,6.976554,0.92419344
22.0,121.0,2021-12-01,2022-03-18,107,51,22.321657,23.620062,21.374731,77.86126,4.6867285,0.9210439
23.0,121.0,2021-12-01,2022-03-18,107,51,19.637236,21.914211,18.203453,80.50547,2.2336817,2.4936721
23.0,122.0,2021-12-01,2022-03-18,107,51,20.078735,21.317787,19.180273,79.7542,4.5098276,2.4962146
23.0,121.0,2021-12-01,2022-03-19,108,51,19.935518,22.433832,18.458288,80.67228,2.4139132,2.7465851
23.0,122.0,2021-12-01,2022-03-19,108,51,20.422895,21.737804,19.471762,80.42864,4.4406104,3.015187
22.0,121.0,2021-12-01,2022-03-19,108,51,22.589403,24.001238,21.653652,78.40059,4.7283225,1.192282
22.0,122.0,2021-12-01,2022-03-19,108,51,23.076591,23.525194,22.468403,78.36018,6.7542305,1.4609555
22.0,122.0,2021-12-01,2022-03-20,109,51,23.260288,23.77023,22.67393,79.443405,6.9281507,1.043635
22.0,121.0,2021-12-01,2022-03-20,109,51,22.813845,24.179192,21.794386,79.081696,4.634905,1.3810437
23.0,122.0,2021-12-01,2022-03-20,109,51,20.635946,22.04234,19.578342,81.11947,4.6759825,3.3605695
23.0,121.0,2021-12-01,2022-03-20,109,51,20.18918,22.599167,18.576147,80.97915,2.4772787,3.6969383
23.0,122.0,2021-12-01,2022-03-21,110,51,20.511503,21.85558,19.530464,80.24424,4.417765,3.0151336
23.0,121.0,2021-12-01,2022-03-21,110,51,20.076258,22.554773,18.454704,80.398575,2.3735468,2.945645
22.0,121.0,2021-12-01,2022-03-21,110,51,22.700663,24.109976,21.697432,78.447975,4.530394,1.1878169
22.0,122.0,2021-12-01,2022-03-21,110,51,23.135479,23.585165,22.61717,78.50475,6.7100897,1.2576857
22.0,122.0,2021-12-01,2022-03-22,111,51,23.372913,23.838133,22.779266,78.5048,6.4778023,1.2762299
22.0,121.0,2021-12-01,2022-03-22,111,51,22.914534,24.37583,21.901789,78.64862,4.449684,1.1986605
23.0,121.0,2021-12-01,2022-03-22,111,51,20.306395,22.840324,18.773787,80.771645,2.299256,3.0710096
23.0,122.0,2021-12-01,2022-03-22,111,51,20.76495,22.083015,19.760855,80.42265,4.3214717,3.1474395
22.0,121.0,2021-12-01,2022-03-23,112,51,23.02267,24.44728,22.006168,79.67467,4.5790367,1.4549576
22.0,122.0,2021-12-01,2022-03-23,112,51,23.436167,23.911314,22.864079,79.79912,6.725409,1.5254956
23.0,122.0,2021-12-01,2022-03-23,112,51,20.863375,22.210762,19.883715,81.61338,4.4677773,3.8152137
23.0,121.0,2021-12-01,2022-03-23,112,51,20.449478,22.883387,18.930868,81.68488,2.3493829,3.7448246
22.0,122.0,2021-12-01,2022-03-24,113,51,23.40238,23.82297,22.823439,79.0708,7.0660405,1.2008885
23.0,121.0,2021-12-01,2022-03-24,113,51,20.342129,22.725594,18.855518,81.129654,2.488237,3.6582277
23.0,122.0,2021-12-01,2022-03-24,113,51,20.814144,22.098782,19.835953,80.89463,4.6702266,3.108167
22.0,121.0,2021-12-01,2022-03-24,113,51,22.930645,24.326118,21.936663,79.11822,4.8628078,1.7537955
23.0,121.0,2021-12-01,2022-03-25,114,51,20.119287,22.317581,18.633823,81.476234,2.600376,5.4393916
22.0,122.0,2021-12-01,2022-03-25,114,51,23.279034,23.796339,22.684055,79.636,7.379069,1.950814
22.0,121.0,2021-12-01,2022-03-25,114,51,22.791739,24.09002,21.806925,79.64565,5.02836,2.6511464
23.0,122.0,2021-12-01,2022-03-25,114,51,20.606709,21.867762,19.607462,81.30788,4.9107776,4.7389803
23.0,121.0,2021-12-01,2022-03-26,115,51,20.217445,22.494696,18.772556,80.91592,2.3243787,2.8152807
22.0,121.0,2021-12-01,2022-03-26,115,51,22.879442,24.267107,21.904736,78.5396,4.920347,0.97562754
22.0,122.0,2021-12-01,2022-03-26,115,51,23.337431,23.801,22.749088,78.43192,7.0968704,1.1124381
23.0,122.0,2021-12-01,2022-03-26,115,51,20.675714,21.877922,19.689001,80.60691,4.459139,2.9532106
22.0,122.0,2021-12-01,2022-03-27,116,51,23.667597,24.092133,23.144957,78.7176,6.5211954,1.2524456
23.0,122.0,2021-12-01,2022-03-27,116,51,21.125036,22.420351,20.189312,80.70867,4.2901998,2.887511
23.0,121.0,2021-12-01,2022-03-27,116,51,20.688864,23.089174,19.222448,81.09755,2.352728,3.1706226
22.0,121.0,2021-12-01,2022-03-27,116,51,23.231905,24.603386,22.27553,78.91794,4.566858,1.5356864
22.0,121.0,2021-12-01,2022-03-28,117,51,23.362335,24.737066,22.33694,80.515076,4.75662,3.5652869
23.0,122.0,2021-12-01,2022-03-28,117,51,21.27605,22.6038,20.279448,82.282875,4.780805,5.3186207
23.0,121.0,2021-12-01,2022-03-28,117,51,20.841253,23.202934,19.340063,82.201805,2.5703924,5.963833
22.0,122.0,2021-12-01,2022-03-28,117,51,23.796703,24.244703,23.203838,80.741936,6.9810553,2.9170883
23.0,122.0,2021-12-01,2022-03-29,118,51,21.142832,22.418962,20.175547,82.22516,4.794556,3.703764
22.0,121.0,2021-12-01,2022-03-29,118,51,23.301962,24.64476,22.321945,80.2218,4.7678785,2.3099737
22.0,122.0,2021-12-01,2022-03-29,118,51,23.702202,24.198606,23.107883,80.83371,7.1006846,2.1240988
23.0,121.0,2021-12-01,2022-03-29,118,51,20.74195,23.002195,19.303873,81.74834,2.4443347,3.889035
23.0,121.0,2021-12-01,2022-03-30,119,51,20.74968,22.947315,19.260723,81.75835,2.3450072,3.8092315
22.0,122.0,2021-12-01,2022-03-30,119,51,23.74627,24.158115,23.24864,80.63861,6.8344984,1.598654
22.0,121.0,2021-12-01,2022-03-30,119,51,23.326056,24.602407,22.373856,80.20326,4.5968814,2.0085452
23.0,122.0,2021-12-01,2022-03-30,119,51,21.170568,22.383028,20.213226,82.05276,4.520146,3.398589
23.0,122.0,2021-12-01,2022-03-31,120,51,20.871874,22.06009,19.967367,80.30455,4.7974796,3.733937
22.0,122.0,2021-12-01,2022-03-31,120,51,23.495539,23.97489,22.922083,78.65786,7.202042,1.6037852
22.0,121.0,2021-12-01,2022-03-31,120,51,23.126822,24.429611,22.177414,78.70182,4.967983,1.4802728
23.0,121.0,2021-12-01,2022-03-31,120,51,20.502295,22.71741,19.075167,80.54275,2.5767028,3.6115668
22.0,121.0,2021-12-01,2022-04-01,121,51,23.210522,24.466015,22.307205,77.63523,4.646592,1.9781324
23.0,122.0,2021-12-01,2022-04-01,121,51,20.979408,22.250677,20.044275,79.33888,4.347902,4.186244
23.0,121.0,2021-12-01,2022-04-01,121,51,20.584555,22.864851,19.170639,79.8172,2.2478318,4.0058327
22.0,122.0,2021-12-01,2022-04-01,121,51,23.604631,24.052074,23.087236,77.35656,6.748005,2.156385
23.0,121.0,2021-12-01,2022-04-02,122,51,20.535053,22.743073,19.044775,80.38422,2.5057378,5.1928897
22.0,121.0,2021-12-01,2022-04-02,122,51,23.148806,24.464605,22.10727,78.521866,4.91449,2.78297
23.0,122.0,2021-12-01,2022-04-02,122,51,20.876738,22.10726,19.937876,80.473755,4.5671463,5.1664853
22.0,122.0,2021-12-01,2022-04-02,122,51,23.48978,23.998617,22.907782,78.78265,7.024967,2.7542486
23.0,121.0,2021-12-01,2022-04-03,123,51,20.400448,22.498196,19.019737,80.62876,2.4180212,5.526783
22.0,122.0,2021-12-01,2022-04-03,123,51,23.430893,23.877413,22.913712,78.66574,7.1618495,3.5199041
22.0,121.0,2021-12-01,2022-04-03,123,51,23.052174,24.321701,22.133286,78.54093,4.972696,3.5824094
23.0,122.0,2021-12-01,2022-04-03,123,51,20.779985,21.889734,19.945602,80.59574,4.5527725,5.4646254
23.0,122.0,2021-12-01,2022-04-04,124,51,21.04114,22.161066,20.204748,80.476036,4.2479644,4.137663
22.0,121.0,2021-12-01,2022-04-04,124,51,23.231098,24.486439,22.33461,78.36518,4.535239,1.804116
22.0,122.0,2021-12-01,2022-04-04,124,51,23.677134,24.084415,23.16876,78.431595,6.6784673,2.1128232
23.0,121.0,2021-12-01,2022-04-04,124,51,20.59441,22.736994,19.221735,80.56722,2.172037,3.8301685
22.0,122.0,2021-12-01,2022-04-05,125,51,23.884653,24.298046,23.396103,79.343666,6.5735545,2.6511652
23.0,122.0,2021-12-01,2022-04-05,125,51,21.331367,22.51296,20.435555,80.93836,4.175676,3.9401317
23.0,121.0,2021-12-01,2022-04-05,125,51,20.926807,23.1831,19.481634,80.65821,2.294086,3.4892488
22.0,121.0,2021-12-01,2022-04-05,125,51,23.480753,24.817156,22.552582,78.917076,4.6741323,2.1995087
22.0,121.0,2021-12-01,2022-04-06,126,51,23.622425,24.922596,22.658154,78.6975,4.6759577,1.6068585
23.0,121.0,2021-12-01,2022-04-06,126,51,21.141632,23.425068,19.59469,80.16461,2.432556,3.5939422
23.0,122.0,2021-12-01,2022-04-06,126,51,21.488367,22.795483,20.504356,80.74026,4.620183,3.6962676
22.0,122.0,2021-12-01,2022-04-06,126,51,23.967932,24.383469,23.45076,79.41985,6.909443,1.7095723
22.0,122.0,2021-12-01,2022-04-07,127,51,23.89165,24.37081,23.348772,79.49503,7.018593,1.6205328
23.0,121.0,2021-12-01,2022-04-07,127,51,21.135134,23.442354,19.581224,79.9645,2.3299336,3.4193234
22.0,121.0,2021-12-01,2022-04-07,127,51,23.628994,24.96408,22.67497,78.678566,4.6902976,1.8627121
23.0,122.0,2021-12-01,2022-04-07,127,51,21.399206,22.685328,20.435022,80.61973,4.649925,3.1793733
23.0,122.0,2021-12-01,2022-04-08,128,51,21.371115,22.612223,20.425247,81.36167,4.3615494,5.611145
22.0,121.0,2021-12-01,2022-04-08,128,51,23.635704,24.953302,22.637356,79.25095,4.71398,3.536837
23.0,121.0,2021-12-01,2022-04-08,128,51,21.077703,23.321806,19.578009,80.822044,2.291972,6.42779
22.0,122.0,2021-12-01,2022-04-08,128,51,23.927935,24.411478,23.341415,79.95752,6.8585844,2.7205904
22.0,121.0,2021-12-01,2022-04-09,129,51,23.686024,24.950073,22.765285,79.405815,4.824844,3.788993
23.0,122.0,2021-12-01,2022-04-09,129,51,21.437136,22.555534,20.589516,81.687996,4.5153546,5.954465
22.0,122.0,2021-12-01,2022-04-09,129,51,23.987879,24.408829,23.48155,80.086876,6.881952,4.6254225
23.0,121.0,2021-12-01,2022-04-09,129,51,21.1342,23.23028,19.76095,81.13998,2.460958,5.120396
22.0,121.0,2021-12-01,2022-04-10,130,51,23.9956,25.320738,23.044342,79.96392,4.490699,2.0019116
22.0,122.0,2021-12-01,2022-04-10,130,51,24.273102,24.735306,23.728466,80.84492,6.6310925,2.351667
23.0,122.0,2021-12-01,2022-04-10,130,51,21.749115,22.93843,20.815588,82.244675,4.429623,4.5166187
23.0,121.0,2021-12-01,2022-04-10,130,51,21.470411,23.730074,19.997107,81.48799,2.3174458,4.1679845
22.0,122.0,2021-12-01,2022-04-11,131,51,24.43136,24.843985,23.935493,81.21477,6.604635,1.5323381
23.0,121.0,2021-12-01,2022-04-11,131,51,21.592573,23.732447,20.121712,81.72199,2.1147957,5.065342
22.0,121.0,2021-12-01,2022-04-11,131,51,24.14775,25.415497,23.200382,80.05113,4.373155,1.9461167
23.0,122.0,2021-12-01,2022-04-11,131,51,21.877432,23.07508,20.966198,82.757805,4.250846,4.6547003
23.0,121.0,2021-12-01,2022-04-12,132,51,21.662512,23.790388,20.131668,82.28471,2.2967522,4.779851
22.0,122.0,2021-12-01,2022-04-12,132,51,24.432486,24.885658,23.858953,81.233955,6.5418825,2.8538113
22.0,121.0,2021-12-01,2022-04-12,132,51,24.199194,25.458246,23.19254,80.3804,4.495831,2.7392082
23.0,122.0,2021-12-01,2022-04-12,132,51,21.897285,23.078033,20.932629,83.03374,4.315727,4.8917527
22.0,122.0,2021-12-01,2022-04-13,133,51,24.5413,25.02909,23.983648,80.89592,6.343329,3.540226
23.0,121.0,2021-12-01,2022-04-13,133,51,21.789297,23.97004,20.340303,81.91045,2.153708,5.2372336
23.0,122.0,2021-12-01,2022-04-13,133,51,22.032135,23.255772,21.120295,82.41394,4.1408215,5.14583
22.0,121.0,2021-12-01,2022-04-13,133,51,24.299963,25.608818,23.348717,80.24958,4.341624,3.6311731
22.0,122.0,2021-12-01,2022-04-14,134,51,24.600895,25.083776,23.961697,81.08213,6.3292193,2.1948383
23.0,121.0,2021-12-01,2022-04-14,134,51,21.921167,24.04985,20.444338,81.57592,2.2799103,4.652324
22.0,121.0,2021-12-01,2022-04-14,134,51,24.380903,25.673534,23.385208,80.11409,4.3475585,2.5884244
23.0,122.0,2021-12-01,2022-04-14,134,51,22.142683,23.326216,21.203493,82.42783,4.1556463,4.261354
22.0,122.0,2021-12-01,2022-04-15,135,51,24.594032,25.112293,23.99267,81.63361,6.5786724,2.7486548
22.0,121.0,2021-12-01,2022-04-15,135,51,24.360012,25.664202,23.355328,80.6944,4.4546175,2.5680945
23.0,122.0,2021-12-01,2022-04-15,135,51,22.156153,23.385326,21.2202,82.85153,4.3670835,5.7223253
23.0,121.0,2021-12-01,2022-04-15,135,51,21.920807,24.082748,20.475668,82.02937,2.3588698,5.542962
22.0,122.0,2021-12-01,2022-04-16,136,51,24.784882,25.242777,24.212847,81.61271,6.468943,2.329496
23.0,121.0,2021-12-01,2022-04-16,136,51,22.13648,24.300001,20.688408,82.108986,2.3493655,4.66901
23.0,122.0,2021-12-01,2022-04-16,136,51,22.370787,23.530561,21.513998,83.174,4.2220726,4.1879864
22.0,121.0,2021-12-01,2022-04-16,136,51,24.5521,25.848059,23.59587,80.45125,4.5283275,2.8132749
23.0,122.0,2021-12-01,2022-04-17,137,51,22.679567,23.93517,21.733181,83.79635,4.3312984,4.9321423
23.0,121.0,2021-12-01,2022-04-17,137,51,22.443127,24.655273,20.889095,82.49586,2.263432,4.733329
22.0,121.0,2021-12-01,2022-04-17,137,51,24.807617,26.094482,23.837093,81.37316,4.1760125,2.4445882
22.0,122.0,2021-12-01,2022-04-17,137,51,25.042526,25.481924,24.552761,82.782616,6.237528,2.6433413
22.0,122.0,2021-12-01,2022-04-18,138,51,25.047121,25.512445,24.502327,81.695015,6.2523303,2.2581556
22.0,121.0,2021-12-01,2022-04-18,138,51,24.867529,26.148628,23.903393,80.654495,4.108823,3.0587788
23.0,121.0,2021-12-01,2022-04-18,138,51,22.442455,24.562567,20.99729,82.445526,2.1681962,5.931248
23.0,122.0,2021-12-01,2022-04-18,138,51,22.623806,23.799955,21.715225,83.38772,4.2682786,5.1346498
22.0,122.0,2021-12-01,2022-04-19,139,51,24.913403,25.369406,24.344154,81.26956,6.77874,1.4255213
23.0,121.0,2021-12-01,2022-04-19,139,51,22.28878,24.259804,20.875494,82.3724,2.2921226,4.8580713
23.0,122.0,2021-12-01,2022-04-19,139,51,22.481382,23.593443,21.56137,82.85027,4.5880175,3.866698
22.0,121.0,2021-12-01,2022-04-19,139,51,24.722456,25.910698,23.788761,80.691734,4.417289,2.4195068
23.0,122.0,2021-12-01,2022-04-20,140,51,22.587774,23.65937,21.759682,82.938965,4.4181647,3.5322123
23.0,121.0,2021-12-01,2022-04-20,140,51,22.392492,24.346785,21.066675,82.34832,2.2902431,5.062877
22.0,121.0,2021-12-01,2022-04-20,140,51,24.825596,25.998701,23.940939,80.42205,4.5146127,2.8897696
22.0,122.0,2021-12-01,2022-04-20,140,51,25.019196,25.459457,24.504036,81.121704,6.684794,1.3511771
22.0,122.0,2021-12-01,2022-04-21,141,51,25.154638,25.568556,24.641369,81.35283,6.3997116,1.5011973
22.0,121.0,2021-12-01,2022-04-21,141,51,24.939487,26.158737,24.058716,80.79061,4.4888725,3.6484213
23.0,121.0,2021-12-01,2022-04-21,141,51,22.537827,24.581549,21.126652,82.3631,2.2542536,6.5272446
23.0,122.0,2021-12-01,2022-04-21,141,51,22.75459,23.92039,21.878881,82.795876,4.152317,4.3864493
22.0,122.0,2021-12-01,2022-04-22,142,51,25.197071,25.752771,24.545591,81.52287,6.720249,2.683858
23.0,121.0,2021-12-01,2022-04-22,142,51,22.515007,24.664465,20.96677,82.39635,2.3830056,5.6435404
23.0,122.0,2021-12-01,2022-04-22,142,51,22.747484,24.019072,21.71377,82.971115,4.321084,5.3813
22.0,121.0,2021-12-01,2022-04-22,142,51,24.965963,26.313658,23.90451,80.84965,4.7389464,2.9484122
23.0,122.0,2021-12-01,2022-04-23,143,51,22.597048,23.678642,21.776215,83.23346,4.3593364,4.9833674
23.0,121.0,2021-12-01,2022-04-23,143,51,22.425716,24.451841,21.01951,81.97323,2.3588483,4.585442
22.0,121.0,2021-12-01,2022-04-23,143,51,24.848475,26.045315,23.9158,80.60715,4.838173,3.0462568
22.0,122.0,2021-12-01,2022-04-23,143,51,25.018326,25.438282,24.542141,81.97635,6.8814445,3.4502707
22.0,122.0,2021-12-01,2022-04-24,144,51,25.341467,25.806492,24.824404,82.38141,6.425722,1.7557526
22.0,121.0,2021-12-01,2022-04-24,144,51,25.118116,26.32521,24.205751,81.10302,4.363608,2.111042
23.0,121.0,2021-12-01,2022-04-24,144,51,22.755877,24.826939,21.35219,82.52397,2.18337,4.3018775
23.0,122.0,2021-12-01,2022-04-24,144,51,22.980583,24.101105,22.160627,83.70015,4.1773686,3.9500284
22.0,122.0,2021-12-01,2022-04-25,145,51,25.611616,26.02336,25.126373,83.888084,5.880216,2.5438776
23.0,121.0,2021-12-01,2022-04-25,145,51,23.015213,25.004705,21.585474,83.873184,1.9827201,6.840725
23.0,122.0,2021-12-01,2022-04-25,145,51,23.242655,24.411762,22.369854,85.22013,3.6908932,5.81749
22.0,121.0,2021-12-01,2022-04-25,145,51,25.385498,26.547012,24.473429,82.46247,4.0636263,3.5711496
23.0,122.0,2021-12-01,2022-04-26,146,51,23.382505,24.54927,22.497168,84.651,3.8259637,3.4012606
23.0,121.0,2021-12-01,2022-04-26,146,51,23.165426,25.271078,21.672352,83.57613,1.9319363,4.3345904
22.0,121.0,2021-12-01,2022-04-26,146,51,25.522312,26.821465,24.55325,82.018776,4.2034106,1.980701
22.0,122.0,2021-12-01,2022-04-26,146,51,25.737951,26.176111,25.222706,83.1831,6.1206117,1.0437814
22.0,122.0,2021-12-01,2022-04-27,147,51,25.820465,26.235031,25.31857,82.944374,5.9172297,1.2954807
22.0,121.0,2021-12-01,2022-04-27,147,51,25.63598,26.92167,24.68841,81.79809,4.1020875,2.1433702
23.0,121.0,2021-12-01,2022-04-27,147,51,23.342606,25.493963,21.846708,83.374695,1.9812247,5.2598977
23.0,122.0,2021-12-01,2022-04-27,147,51,23.52857,24.722906,22.61332,84.42921,3.7905965,4.414753
22.0,122.0,2021-12-01,2022-04-28,148,51,26.013166,26.481436,25.428577,83.558334,5.600633,2.7953987
23.0,121.0,2021-12-01,2022-04-28,148,51,23.481285,25.62982,21.912006,83.59926,1.9860904,4.6074505
23.0,122.0,2021-12-01,2022-04-28,148,51,23.704216,24.91247,22.76519,84.89111,3.695242,4.900216
22.0,121.0,2021-12-01,2022-04-28,148,51,25.791445,27.093105,24.7988,82.18238,3.8535566,2.503233
23.0,122.0,2021-12-01,2022-04-29,149,51,23.80216,25.079432,22.8505,84.88703,3.9421284,3.6300886
23.0,121.0,2021-12-01,2022-04-29,149,51,23.56482,25.71796,22.011168,83.322876,1.9961557,3.7675674
22.0,121.0,2021-12-01,2022-04-29,149,51,25.844099,27.117369,24.879658,82.242035,4.024797,1.5165964
22.0,122.0,2021-12-01,2022-04-29,149,51,26.080248,26.532825,25.536722,83.88857,6.019226,1.377941
23.0,121.0,2021-12-01,2022-04-30,150,51,23.593393,25.573828,22.101484,83.584724,1.9754244,5.3407516
23.0,122.0,2021-12-01,2022-04-30,150,51,23.824835,24.97585,22.924055,84.868454,3.85354,4.557464
22.0,122.0,2021-12-01,2022-04-30,150,51,26.097485,26.514858,25.615328,83.63841,6.0219555,1.719492
22.0,121.0,2021-12-01,2022-04-30,150,51,25.86719,27.032547,24.936508,82.25717,4.097787,2.505906
